Date,Open,High,Low,Close,Volume
2017-12-29 06:00:00,0.00059000,0.00700000,0.00035500,0.00072000,807149.32000000,1514530799999,460.80214152,7120,434836.95000000,230.83345121,0
2017-12-29 07:00:00,0.00071800,0.00073500,0.00041300,0.00048000,701327.77000000,1514534399999,374.95777817,4701,280877.41000000,151.38562636,0
2017-12-29 08:00:00,0.00048200,0.00055000,0.00042000,0.00045700,379688.31000000,1514537999999,175.77538146,2344,160047.20000000,74.39509531,0
2017-12-29 09:00:00,0.00045790,0.00046500,0.00040010,0.00041960,188771.49000000,1514541599999,81.04306794,1358,74833.09000000,32.39138531,0
2017-12-29 10:00:00,0.00041960,0.00042630,0.00037500,0.00037600,119676.78000000,1514545199999,47.64049413,1112,45527.50000000,18.15714920,0
2017-12-29 11:00:00,0.00037580,0.00043980,0.00037300,0.00043970,145499.71000000,1514548799999,59.33973501,1185,93353.21000000,38.05632935,0
2017-12-29 12:00:00,0.00043530,0.00047000,0.00040100,0.00041290,196801.97000000,1514552399999,84.82721553,1447,86702.90000000,37.56475382,0
2017-12-29 13:00:00,0.00041320,0.00042420,0.00039240,0.00041500,75689.36000000,1514555999999,30.84251524,1048,32307.22000000,13.24809556,0
2017-12-29 14:00:00,0.00041980,0.00043000,0.00041510,0.00042970,60016.26000000,1514559599999,25.51232344,805,28518.33000000,12.16512480,0
2017-12-29 15:00:00,0.00042980,0.00045670,0.00042500,0.00044000,119325.11000000,1514563199999,52.77355175,1188,52153.27000000,23.02691659,0
2017-12-29 16:00:00,0.00044300,0.00044840,0.00042750,0.00043300,74718.94000000,1514566799999,32.75350056,1003,33587.82000000,14.76077485,0
2017-12-29 17:00:00,0.00043300,0.00045410,0.00042980,0.00044960,53650.50000000,1514570399999,23.72175386,800,25437.47000000,11.33012614,0
2017-12-29 18:00:00,0.00044990,0.00047390,0.00044900,0.00046010,60964.07000000,1514573999999,27.90612642,904,27621.83000000,12.73040750,0
2017-12-29 19:00:00,0.00046010,0.00049750,0.00045470,0.00049750,86365.73000000,1514577599999,41.49094172,1045,58117.71000000,28.06780335,0
2017-12-29 20:00:00,0.00049750,0.00050000,0.00046300,0.00048290,66317.04000000,1514581199999,32.25916802,1024,31055.19000000,15.20697679,0
2017-12-29 21:00:00,0.00048290,0.00051000,0.00048160,0.00050970,50673.63000000,1514584799999,25.08289984,792,27963.36000000,13.86483246,0
2017-12-29 22:00:00,0.00050970,0.00058000,0.00047200,0.00048030,133357.82000000,1514588399999,69.58594373,1848,73422.13000000,38.72807995,0
2017-12-29 23:00:00,0.00048030,0.00051000,0.00045150,0.00050110,59598.85000000,1514591999999,28.88489767,1166,24823.46000000,12.12406759,0
2017-12-30 00:00:00,0.00050110,0.00050670,0.00045480,0.00045480,59190.26000000,1514595599999,28.47273093,838,23726.20000000,11.43550748,0
2017-12-30 01:00:00,0.00045340,0.00046510,0.00041200,0.00043340,96333.11000000,1514599199999,42.74699248,981,27573.94000000,12.21679566,0
2017-12-30 02:00:00,0.00043300,0.00049490,0.00043250,0.00046910,68895.05000000,1514602799999,31.77214578,756,30533.41000000,14.10682440,0
2017-12-30 03:00:00,0.00047000,0.00048930,0.00046350,0.00048160,32853.86000000,1514606399999,15.61983626,477,13383.77000000,6.34598130,0
2017-12-30 04:00:00,0.00048160,0.00055500,0.00047030,0.00048230,95832.12000000,1514609999999,48.37868261,714,68863.09000000,35.49435122,0
2017-12-30 05:00:00,0.00048230,0.00048480,0.00044030,0.00045940,68015.80000000,1514613599999,31.49532138,564,32514.24000000,15.10574443,0
2017-12-30 06:00:00,0.00045940,0.00047010,0.00044020,0.00044760,63540.51000000,1514617199999,28.66943084,778,19911.63000000,9.01064818,0
2017-12-30 07:00:00,0.00045170,0.00045780,0.00043350,0.00043800,37287.31000000,1514620799999,16.62721044,626,14684.28000000,6.54698833,0
2017-12-30 08:00:00,0.00043800,0.00045000,0.00043430,0.00044700,38352.16000000,1514624399999,17.06456598,476,23671.31000000,10.54380000,0
2017-12-30 09:00:00,0.00044500,0.00045490,0.00043160,0.00043590,50855.60000000,1514627999999,22.35698092,502,14276.19000000,6.31679068,0
2017-12-30 10:00:00,0.00043580,0.00044330,0.00042500,0.00042890,42986.57000000,1514631599999,18.53547677,507,14350.37000000,6.18956561,0
2017-12-30 11:00:00,0.00042890,0.00045000,0.00042500,0.00044460,35168.81000000,1514635199999,15.55453832,496,19332.66000000,8.54703724,0
2017-12-30 12:00:00,0.00044460,0.00045130,0.00044290,0.00044770,27604.32000000,1514638799999,12.33856189,350,17986.66000000,8.05361035,0
2017-12-30 13:00:00,0.00044890,0.00045550,0.00042060,0.00043810,51618.55000000,1514642399999,22.52519567,549,21232.70000000,9.32764397,0
2017-12-30 14:00:00,0.00043730,0.00044800,0.00043010,0.00044130,40120.25000000,1514645999999,17.64304779,346,12769.82000000,5.63736721,0
2017-12-30 15:00:00,0.00044130,0.00045000,0.00043510,0.00044480,24106.88000000,1514649599999,10.63183884,258,5283.05000000,2.34554134,0
2017-12-30 16:00:00,0.00044480,0.00045000,0.00043520,0.00044330,25352.00000000,1514653199999,11.23644180,299,10220.20000000,4.55053993,0
2017-12-30 17:00:00,0.00044320,0.00044320,0.00041980,0.00042200,52798.50000000,1514656799999,22.38415318,519,25957.95000000,10.97269256,0
2017-12-30 18:00:00,0.00042200,0.00043990,0.00042180,0.00042750,11696.47000000,1514660399999,5.01117247,278,4028.65000000,1.72732286,0
2017-12-30 19:00:00,0.00042750,0.00043980,0.00040000,0.00042540,41670.99000000,1514663999999,17.54940191,461,8304.63000000,3.58650598,0
2017-12-30 20:00:00,0.00042540,0.00042920,0.00039200,0.00040820,76117.20000000,1514667599999,31.15190027,680,17465.54000000,7.25466454,0
2017-12-30 21:00:00,0.00040810,0.00041900,0.00039800,0.00041000,35919.90000000,1514671199999,14.55695522,543,13897.74000000,5.66116733,0
2017-12-30 22:00:00,0.00041000,0.00042500,0.00040710,0.00042000,29940.85000000,1514674799999,12.43728595,453,13155.29000000,5.52195599,0
2017-12-30 23:00:00,0.00041940,0.00042400,0.00041510,0.00041950,15425.21000000,1514678399999,6.44423714,215,5841.11000000,2.45023096,0
2017-12-31 00:00:00,0.00041960,0.00042490,0.00041510,0.00041700,19395.11000000,1514681999999,8.12805902,264,7890.46000000,3.31709297,0
2017-12-31 01:00:00,0.00041840,0.00041850,0.00041000,0.00041130,19191.42000000,1514685599999,7.94755665,264,7748.25000000,3.21429817,0
2017-12-31 02:00:00,0.00041130,0.00042230,0.00041010,0.00042010,23673.07000000,1514689199999,9.92064065,268,15457.47000000,6.48904823,0
2017-12-31 03:00:00,0.00042000,0.00042990,0.00040900,0.00042130,34576.65000000,1514692799999,14.51372229,363,11696.69000000,4.93630103,0
2017-12-31 04:00:00,0.00042160,0.00043250,0.00041000,0.00043010,29055.35000000,1514696399999,12.35426511,310,13850.37000000,5.91664476,0
2017-12-31 05:00:00,0.00043200,0.00047000,0.00043080,0.00046510,65438.11000000,1514699999999,29.19762919,718,38522.86000000,17.26421790,0
2017-12-31 06:00:00,0.00046520,0.00047490,0.00043310,0.00045850,57193.64000000,1514703599999,26.34460070,543,15886.77000000,7.35259507,0
2017-12-31 07:00:00,0.00045200,0.00046000,0.00043490,0.00045380,18707.69000000,1514707199999,8.45313789,311,7729.58000000,3.51630880,0
2017-12-31 08:00:00,0.00045500,0.00047500,0.00045020,0.00046750,23671.07000000,1514710799999,11.00932256,386,11880.38000000,5.54823897,0
2017-12-31 09:00:00,0.00046750,0.00047400,0.00045410,0.00046500,30552.27000000,1514714399999,14.20918155,357,9051.74000000,4.23228342,0
2017-12-31 10:00:00,0.00047110,0.00047200,0.00044500,0.00045760,25621.92000000,1514717999999,11.68838656,386,8618.42000000,3.94394619,0
2017-12-31 11:00:00,0.00045600,0.00047400,0.00044200,0.00045800,49524.70000000,1514721599999,22.87487418,548,21970.40000000,10.19181932,0
2017-12-31 12:00:00,0.00045990,0.00046800,0.00045000,0.00046100,35277.32000000,1514725199999,16.10092598,347,10493.25000000,4.83080310,0
2017-12-31 13:00:00,0.00046130,0.00046950,0.00046100,0.00046710,19145.39000000,1514728799999,8.93333738,282,7609.65000000,3.55905573,0
2017-12-31 14:00:00,0.00046710,0.00047000,0.00045000,0.00046110,27484.15000000,1514732399999,12.70881555,390,11795.30000000,5.47084542,0
2017-12-31 15:00:00,0.00046110,0.00055720,0.00045530,0.00055720,184803.12000000,1514735999999,97.20903008,1476,119862.15000000,63.71132386,0
2017-12-31 16:00:00,0.00055720,0.00056980,0.00049990,0.00054620,123230.19000000,1514739599999,65.45611829,1193,54200.82000000,28.91889258,0
2017-12-31 17:00:00,0.00054070,0.00056010,0.00050110,0.00053420,61854.16000000,1514743199999,32.97667202,776,29283.85000000,15.70735942,0
2017-12-31 18:00:00,0.00053400,0.00056000,0.00052100,0.00055420,33511.45000000,1514746799999,18.00215335,563,17548.00000000,9.46766924,0
2017-12-31 19:00:00,0.00055420,0.00059500,0.00053850,0.00057900,47482.60000000,1514750399999,27.03509117,800,21113.32000000,12.11105920,0
2017-12-31 20:00:00,0.00057900,0.00058200,0.00044110,0.00047050,141406.54000000,1514753999999,69.26402128,1269,44918.25000000,21.85972528,0
2017-12-31 21:00:00,0.00047390,0.00051500,0.00047200,0.00050720,69005.38000000,1514757599999,34.31483097,830,28757.70000000,14.32575802,0
2017-12-31 22:00:00,0.00050720,0.00054900,0.00049110,0.00051530,29709.35000000,1514761199999,15.23241571,518,14065.62000000,7.28215067,0
2017-12-31 23:00:00,0.00051550,0.00053860,0.00050620,0.00052020,21941.99000000,1514764799999,11.31188222,356,4135.05000000,2.14957368,0
2018-01-01 00:00:00,0.00052020,0.00053790,0.00049670,0.00053250,18629.52000000,1514768399999,9.70823858,384,7806.11000000,4.11251089,0
