Date,Open,High,Low,Close,Volume
2017-12-21 08:00:00,0.00120000,0.00400000,0.00030000,0.00219970,21232.75000000,1513846799999,37.42155814,791,12098.40000000,22.95021752,0
2017-12-21 09:00:00,0.00219970,0.00219970,0.00025000,0.00026200,1247672.20000000,1513850399999,413.46543983,4884,353987.27000000,120.17007537,0
2017-12-21 10:00:00,0.00026200,0.00033400,0.00023400,0.00031030,633848.10000000,1513853999999,176.43442900,2848,315656.30000000,88.93615533,0
2017-12-21 11:00:00,0.00031030,0.00031700,0.00028080,0.00029440,245619.05000000,1513857599999,73.23117596,1559,130629.37000000,39.07431240,0
2017-12-21 12:00:00,0.00029440,0.00030190,0.00028750,0.00029740,145613.54000000,1513861199999,43.05240066,1108,62300.96000000,18.50983453,0
2017-12-21 13:00:00,0.00029740,0.00029750,0.00025100,0.00027320,220937.92000000,1513864799999,59.72426598,1545,50710.49000000,13.83793154,0
2017-12-21 14:00:00,0.00027500,0.00027600,0.00025560,0.00026010,154440.24000000,1513868399999,40.88492770,906,51303.32000000,13.61367571,0
2017-12-21 15:00:00,0.00026010,0.00028100,0.00025210,0.00026100,202971.26000000,1513871999999,54.08486975,1046,82666.30000000,21.96063268,0
2017-12-21 16:00:00,0.00026060,0.00027470,0.00026010,0.00027130,92178.21000000,1513875599999,24.64054539,643,57357.84000000,15.36594591,0
2017-12-21 17:00:00,0.00027130,0.00027990,0.00025780,0.00026950,84015.79000000,1513879199999,22.77757215,654,37068.22000000,10.12847968,0
2017-12-21 18:00:00,0.00026950,0.00027750,0.00025700,0.00026450,75386.12000000,1513882799999,20.05091781,519,43944.84000000,11.78847072,0
2017-12-21 19:00:00,0.00026450,0.00027780,0.00023500,0.00025770,189737.94000000,1513886399999,47.97481637,1172,46859.38000000,11.98565025,0
2017-12-21 20:00:00,0.00025770,0.00027800,0.00025470,0.00027790,95518.84000000,1513889999999,25.63102822,844,57893.25000000,15.57104346,0
2017-12-21 21:00:00,0.00027780,0.00028000,0.00025010,0.00026370,197384.87000000,1513893599999,53.34837902,937,79981.31000000,22.16460806,0
2017-12-21 22:00:00,0.00026360,0.00027800,0.00023770,0.00027040,188044.31000000,1513897199999,48.36267311,1115,49831.99000000,13.22130132,0
2017-12-21 23:00:00,0.00027040,0.00028860,0.00026950,0.00027650,72386.31000000,1513900799999,20.08220509,571,44587.70000000,12.41253438,0
2017-12-22 00:00:00,0.00027510,0.00027650,0.00026000,0.00026520,64638.67000000,1513904399999,17.40450950,602,31239.77000000,8.45986063,0
2017-12-22 01:00:00,0.00026520,0.00027500,0.00026050,0.00026700,109433.02000000,1513907999999,29.28895381,545,59653.47000000,15.98774487,0
2017-12-22 02:00:00,0.00026700,0.00026990,0.00025500,0.00026020,53068.82000000,1513911599999,13.86254453,531,21706.94000000,5.71255508,0
2017-12-22 03:00:00,0.00026020,0.00026970,0.00024750,0.00024750,53830.49000000,1513915199999,13.73749381,525,16495.30000000,4.27155840,0
2017-12-22 04:00:00,0.00024890,0.00027810,0.00024750,0.00027060,58530.96000000,1513918799999,15.41858237,589,34486.32000000,9.15243058,0
2017-12-22 05:00:00,0.00027060,0.00027470,0.00025310,0.00025370,86884.42000000,1513922399999,22.95564534,604,42321.25000000,11.13763361,0
2017-12-22 06:00:00,0.00025380,0.00026590,0.00025180,0.00026000,67825.75000000,1513925999999,17.44463329,432,38855.38000000,10.03393707,0
2017-12-22 07:00:00,0.00026000,0.00026400,0.00024780,0.00025400,74239.32000000,1513929599999,18.79118711,496,13714.38000000,3.50360581,0
2017-12-22 08:00:00,0.00025400,0.00026840,0.00025000,0.00026580,76997.36000000,1513933199999,19.67450999,537,33575.69000000,8.69587057,0
2017-12-22 09:00:00,0.00025770,0.00026990,0.00025500,0.00026710,49406.72000000,1513936799999,13.09258348,489,27625.92000000,7.36606418,0
2017-12-22 10:00:00,0.00026710,0.00026990,0.00025250,0.00026640,39279.01000000,1513940399999,10.42777889,370,27677.32000000,7.37810797,0
2017-12-22 11:00:00,0.00026750,0.00028390,0.00025810,0.00027000,77452.29000000,1513943999999,21.17214491,532,57677.77000000,15.83203281,0
2017-12-22 12:00:00,0.00027000,0.00027290,0.00026100,0.00026190,14951.42000000,1513947599999,4.00618861,179,10225.81000000,2.74583049,0
2017-12-22 13:00:00,0.00026190,0.00027000,0.00025960,0.00026240,33540.40000000,1513951199999,8.83491063,320,11461.81000000,3.04544506,0
2017-12-22 14:00:00,0.00026240,0.00026240,0.00024500,0.00024510,80737.05000000,1513954799999,20.20577227,367,7094.67000000,1.78116944,0
2017-12-22 15:00:00,0.00024510,0.00026200,0.00024200,0.00025990,25015.19000000,1513958399999,6.25270846,255,12178.80000000,3.06024178,0
2017-12-22 16:00:00,0.00025890,0.00025900,0.00024790,0.00024960,29616.31000000,1513961999999,7.45497428,288,13685.80000000,3.45703391,0
2017-12-22 17:00:00,0.00024940,0.00025990,0.00024940,0.00025520,36325.30000000,1513965599999,9.15692563,238,17572.69000000,4.43286479,0
2017-12-22 18:00:00,0.00025510,0.00025520,0.00024750,0.00025410,24860.61000000,1513969199999,6.24719366,217,6054.36000000,1.52901218,0
2017-12-22 19:00:00,0.00025400,0.00025720,0.00024700,0.00024760,38667.91000000,1513972799999,9.75723547,340,10754.47000000,2.71410203,0
2017-12-22 20:00:00,0.00024760,0.00025000,0.00024500,0.00024750,28098.02000000,1513976399999,6.94785346,255,3935.32000000,0.97669340,0
2017-12-22 21:00:00,0.00024650,0.00025690,0.00024500,0.00025160,27319.43000000,1513979999999,6.82822660,301,13256.57000000,3.33952428,0
2017-12-22 22:00:00,0.00025160,0.00025700,0.00024670,0.00025590,34771.10000000,1513983599999,8.82743300,230,21413.23000000,5.47088003,0
2017-12-22 23:00:00,0.00025580,0.00025580,0.00024680,0.00024870,19085.90000000,1513987199999,4.77733254,203,9351.34000000,2.34372039,0
2017-12-23 00:00:00,0.00024870,0.00025300,0.00024700,0.00024780,7967.15000000,1513990799999,1.99129341,127,5662.42000000,1.41877382,0
2017-12-23 01:00:00,0.00024790,0.00026200,0.00024510,0.00025400,73786.67000000,1513994399999,18.58405341,307,55767.04000000,14.13885271,0
2017-12-23 02:00:00,0.00026090,0.00026890,0.00024680,0.00026000,68216.86000000,1513997999999,17.48074334,322,39899.28000000,10.30138552,0
2017-12-23 03:00:00,0.00025600,0.00026090,0.00024650,0.00025000,47525.44000000,1514001599999,11.98945784,342,21163.40000000,5.36612222,0
2017-12-23 04:00:00,0.00025220,0.00025670,0.00025030,0.00025150,13685.31000000,1514005199999,3.45590508,154,4445.46000000,1.12779810,0
2017-12-23 05:00:00,0.00025150,0.00025890,0.00025140,0.00025530,11607.47000000,1514008799999,2.95479026,119,4357.08000000,1.10856141,0
2017-12-23 06:00:00,0.00025530,0.00025700,0.00024500,0.00025640,55363.13000000,1514012399999,13.75600391,233,7540.79000000,1.91853196,0
2017-12-23 07:00:00,0.00025500,0.00026510,0.00024950,0.00026490,27853.30000000,1514015999999,7.19284260,194,17418.25000000,4.52112519,0
2017-12-23 08:00:00,0.00026000,0.00027190,0.00025000,0.00025350,111553.24000000,1514019599999,29.15505899,486,29759.09000000,7.91522192,0
2017-12-23 09:00:00,0.00025510,0.00026500,0.00024700,0.00026500,72921.16000000,1514023199999,18.49377166,428,32223.17000000,8.23639038,0
2017-12-23 10:00:00,0.00025480,0.00026600,0.00025110,0.00025910,44502.71000000,1514026799999,11.50860880,304,17979.00000000,4.70336452,0
2017-12-23 11:00:00,0.00025920,0.00028470,0.00025500,0.00028450,94521.16000000,1514030399999,25.54805104,511,42219.90000000,11.50887033,0
2017-12-23 12:00:00,0.00028450,0.00029990,0.00027310,0.00027500,81249.79000000,1514033999999,23.20135002,506,33166.56000000,9.60384698,0
2017-12-23 13:00:00,0.00027500,0.00029990,0.00027500,0.00029850,44848.74000000,1514037599999,12.84173516,428,21991.49000000,6.31525778,0
2017-12-23 14:00:00,0.00029260,0.00031500,0.00028590,0.00030200,102417.12000000,1514041199999,30.78711069,758,39451.97000000,11.94497755,0
2017-12-23 15:00:00,0.00030220,0.00031500,0.00029010,0.00029240,76852.06000000,1514044799999,23.49150443,598,20922.14000000,6.43627769,0
2017-12-23 16:00:00,0.00030000,0.00031000,0.00027520,0.00029790,106125.96000000,1514048399999,31.07135457,514,24877.14000000,7.47177550,0
2017-12-23 17:00:00,0.00029790,0.00029790,0.00027500,0.00028390,52793.56000000,1514051999999,15.14805496,290,9520.13000000,2.78464524,0
2017-12-23 18:00:00,0.00028390,0.00029600,0.00028140,0.00028390,52810.83000000,1514055599999,15.11635724,393,23744.52000000,6.83763206,0
2017-12-23 19:00:00,0.00028650,0.00029780,0.00028350,0.00028810,85942.62000000,1514059199999,24.67099303,446,19046.96000000,5.48402324,0
2017-12-23 20:00:00,0.00028810,0.00030200,0.00028410,0.00029500,37800.99000000,1514062799999,11.03294606,377,11755.76000000,3.46805259,0
2017-12-23 21:00:00,0.00029500,0.00031180,0.00029000,0.00029600,72226.62000000,1514066399999,21.85643174,533,31786.23000000,9.70982592,0
2017-12-23 22:00:00,0.00029610,0.00030900,0.00029040,0.00030000,22443.91000000,1514069999999,6.71019577,241,10681.73000000,3.19393427,0
2017-12-23 23:00:00,0.00030000,0.00030280,0.00028200,0.00028200,70762.13000000,1514073599999,20.44433699,475,26265.87000000,7.61776082,0
2017-12-24 00:00:00,0.00028490,0.00029920,0.00027670,0.00028300,35870.15000000,1514077199999,10.12510306,326,17398.38000000,4.94117595,0
2017-12-24 01:00:00,0.00028100,0.00029990,0.00028100,0.00028270,20931.02000000,1514080799999,6.11311760,288,9296.79000000,2.75596293,0
2017-12-24 02:00:00,0.00028270,0.00029350,0.00027780,0.00027840,30113.22000000,1514084399999,8.42178683,199,5225.81000000,1.47102254,0
2017-12-24 03:00:00,0.00027840,0.00029200,0.00027700,0.00028250,17982.82000000,1514087999999,5.07322990,220,6149.93000000,1.73632235,0
2017-12-24 04:00:00,0.00028240,0.00028650,0.00027340,0.00028650,18215.89000000,1514091599999,5.10660235,174,9479.07000000,2.68831911,0
2017-12-24 05:00:00,0.00028650,0.00028650,0.00027520,0.00028010,15487.65000000,1514095199999,4.36536340,164,5844.88000000,1.66107979,0
2017-12-24 06:00:00,0.00028300,0.00028800,0.00027990,0.00028690,19525.12000000,1514098799999,5.57911192,166,17159.50000000,4.90925411,0
2017-12-24 07:00:00,0.00028990,0.00029780,0.00027990,0.00028310,21617.70000000,1514102399999,6.16130898,265,5823.08000000,1.67702785,0
2017-12-24 08:00:00,0.00028310,0.00030260,0.00027700,0.00029100,36381.95000000,1514105999999,10.59025325,352,15883.25000000,4.66934587,0
2017-12-24 09:00:00,0.00029100,0.00030000,0.00028450,0.00028750,10014.89000000,1514109599999,2.92161283,154,3802.32000000,1.11864550,0
2017-12-24 10:00:00,0.00028760,0.00029330,0.00028240,0.00028500,21462.80000000,1514113199999,6.17353109,194,10825.46000000,3.14000112,0
2017-12-24 11:00:00,0.00028500,0.00029800,0.00028500,0.00028530,15455.11000000,1514116799999,4.51621206,156,5255.73000000,1.54473978,0
2017-12-24 12:00:00,0.00028640,0.00030750,0.00028420,0.00029500,17726.85000000,1514120399999,5.14212674,171,11888.40000000,3.46975975,0
2017-12-24 13:00:00,0.00029460,0.00030100,0.00029050,0.00029500,14315.39000000,1514123999999,4.23866278,187,4668.00000000,1.38483477,0
2017-12-24 14:00:00,0.00029500,0.00031000,0.00029330,0.00029330,26614.08000000,1514127599999,8.00327587,203,8521.42000000,2.60297432,0
2017-12-24 15:00:00,0.00029830,0.00029830,0.00028760,0.00029230,14551.59000000,1514131199999,4.25175482,204,4206.51000000,1.23362466,0
2017-12-24 16:00:00,0.00029190,0.00029580,0.00028500,0.00029110,26879.48000000,1514134799999,7.83610767,157,1814.11000000,0.53483502,0
2017-12-24 17:00:00,0.00029030,0.00029290,0.00028720,0.00029290,8316.34000000,1514138399999,2.40830223,130,2224.69000000,0.64725970,0
2017-12-24 18:00:00,0.00029280,0.00030200,0.00028180,0.00028380,34291.20000000,1514141999999,9.94554589,261,22533.69000000,6.57228644,0
2017-12-24 19:00:00,0.00028620,0.00030200,0.00027800,0.00028820,48719.84000000,1514145599999,13.98472933,368,16593.08000000,4.74559211,0
2017-12-24 20:00:00,0.00028760,0.00028990,0.00027500,0.00028000,29670.77000000,1514149199999,8.26404491,232,4118.67000000,1.15933228,0
2017-12-24 21:00:00,0.00028100,0.00028920,0.00028000,0.00028100,6690.13000000,1514152799999,1.90407439,106,4231.74000000,1.21214157,0
2017-12-24 22:00:00,0.00028130,0.00029200,0.00028060,0.00028280,26792.59000000,1514156399999,7.56417729,154,3145.78000000,0.90191688,0
2017-12-24 23:00:00,0.00028280,0.00028820,0.00027250,0.00027350,25482.88000000,1514159999999,7.18277654,323,7411.64000000,2.10280001,0
2017-12-25 00:00:00,0.00027790,0.00028770,0.00027000,0.00028450,26604.94000000,1514163599999,7.32769696,243,9979.96000000,2.79926182,0
2017-12-25 01:00:00,0.00028450,0.00028500,0.00027710,0.00028000,6870.38000000,1514167199999,1.95036267,94,5264.01000000,1.49663403,0
2017-12-25 02:00:00,0.00028490,0.00028950,0.00026000,0.00027560,44654.23000000,1514170799999,12.21787279,370,21416.61000000,5.87680186,0
2017-12-25 03:00:00,0.00027540,0.00028610,0.00026800,0.00027220,24221.71000000,1514174399999,6.60170047,237,5856.81000000,1.61873173,0
2017-12-25 04:00:00,0.00027220,0.00027220,0.00025000,0.00025890,62521.04000000,1514177999999,16.08550681,389,7197.95000000,1.90284782,0
2017-12-25 05:00:00,0.00025890,0.00026830,0.00025440,0.00026110,20138.41000000,1514181599999,5.30528463,174,10257.87000000,2.69655684,0
2017-12-25 06:00:00,0.00026350,0.00029490,0.00026100,0.00027630,32936.31000000,1514185199999,9.16634575,405,24079.44000000,6.74136999,0
2017-12-25 07:00:00,0.00027510,0.00028370,0.00027050,0.00027520,8424.87000000,1514188799999,2.33958759,111,5556.04000000,1.55414007,0
2017-12-25 08:00:00,0.00027880,0.00029620,0.00025340,0.00028080,55194.17000000,1514192399999,15.63440057,551,31975.05000000,9.28448892,0
2017-12-25 09:00:00,0.00027780,0.00029620,0.00027010,0.00029420,18453.07000000,1514195999999,5.36229746,236,13791.23000000,4.02811329,0
2017-12-25 10:00:00,0.00029420,0.00030500,0.00029000,0.00029620,21317.99000000,1514199599999,6.35012585,227,13209.11000000,3.93730547,0
2017-12-25 11:00:00,0.00029700,0.00031310,0.00029650,0.00030510,59714.43000000,1514203199999,18.41711862,288,40790.54000000,12.61745256,0
2017-12-25 12:00:00,0.00030510,0.00031290,0.00030500,0.00030760,15497.51000000,1514206799999,4.80227849,149,7106.76000000,2.21364891,0
2017-12-25 13:00:00,0.00031200,0.00032260,0.00030950,0.00032200,51728.99000000,1514210399999,16.30391801,311,27809.83000000,8.83788801,0
2017-12-25 14:00:00,0.00031620,0.00032380,0.00029780,0.00030050,72650.89000000,1514213999999,22.87949841,479,13850.80000000,4.39390679,0
2017-12-25 15:00:00,0.00030050,0.00031790,0.00029590,0.00031330,65150.59000000,1514217599999,19.97824013,547,43534.55000000,13.44593319,0
2017-12-25 16:00:00,0.00031330,0.00033710,0.00030840,0.00033670,86174.46000000,1514221199999,27.59725711,584,36152.19000000,11.82916515,0
2017-12-25 17:00:00,0.00033660,0.00034000,0.00030980,0.00032500,86583.91000000,1514224799999,28.38730790,589,25598.41000000,8.43889427,0
2017-12-25 18:00:00,0.00032510,0.00034210,0.00031220,0.00033430,111151.92000000,1514228399999,36.61185176,594,46539.48000000,15.66339095,0
2017-12-25 19:00:00,0.00033410,0.00034200,0.00032570,0.00033890,69682.13000000,1514231999999,23.20048453,564,16264.00000000,5.43741578,0
2017-12-25 20:00:00,0.00033890,0.00039600,0.00033510,0.00037000,231868.14000000,1514235599999,86.23013993,1756,111109.60000000,41.73653906,0
2017-12-25 21:00:00,0.00037000,0.00039010,0.00036000,0.00038090,123095.85000000,1514239199999,45.78650563,951,39386.03000000,14.75984985,0
2017-12-25 22:00:00,0.00038090,0.00044750,0.00035000,0.00040140,213784.80000000,1514242799999,81.87853453,1315,145961.18000000,56.66803182,0
2017-12-25 23:00:00,0.00040540,0.00045000,0.00036190,0.00041110,296286.55000000,1514246399999,123.88435937,2298,156358.86000000,66.38014352,0
2017-12-26 00:00:00,0.00041000,0.00045000,0.00038500,0.00040270,207626.59000000,1514249999999,86.15495933,1544,95282.44000000,39.63412449,0
2017-12-26 01:00:00,0.00040260,0.00042000,0.00039010,0.00040970,119978.94000000,1514253599999,48.67489440,843,59078.50000000,24.01113307,0
2017-12-26 02:00:00,0.00040980,0.00043000,0.00040000,0.00041510,63565.58000000,1514257199999,26.32350337,584,32721.00000000,13.57651517,0
2017-12-26 03:00:00,0.00041510,0.00046870,0.00041000,0.00043110,176934.79000000,1514260799999,77.66474517,1600,91527.82000000,40.34624651,0
2017-12-26 04:00:00,0.00044210,0.00045000,0.00036710,0.00039900,179329.94000000,1514264399999,71.02464720,1614,63469.24000000,25.26693367,0
2017-12-26 05:00:00,0.00039300,0.00040040,0.00031330,0.00034500,171108.00000000,1514267999999,59.75250774,1376,59084.50000000,20.96548070,0
2017-12-26 06:00:00,0.00034510,0.00036500,0.00033350,0.00033530,86015.13000000,1514271599999,30.22406095,665,34990.74000000,12.35425645,0
2017-12-26 07:00:00,0.00034370,0.00040200,0.00033330,0.00036910,88425.01000000,1514275199999,32.52324095,866,45993.60000000,16.95481922,0
2017-12-26 08:00:00,0.00037000,0.00039490,0.00036700,0.00038240,63175.73000000,1514278799999,24.26105839,716,31302.52000000,12.03154130,0
2017-12-26 09:00:00,0.00038430,0.00042050,0.00038430,0.00040560,70149.01000000,1514282399999,28.23905264,939,32177.56000000,13.02290869,0
2017-12-26 10:00:00,0.00040560,0.00041490,0.00037070,0.00039210,75832.49000000,1514285999999,29.57655230,864,26912.69000000,10.46207125,0
2017-12-26 11:00:00,0.00038900,0.00039800,0.00037080,0.00038690,25226.52000000,1514289599999,9.77789804,425,14860.49000000,5.79107674,0
2017-12-26 12:00:00,0.00038680,0.00040100,0.00037000,0.00037980,66824.15000000,1514293199999,26.00472011,680,22502.38000000,8.78110612,0
2017-12-26 13:00:00,0.00037980,0.00038650,0.00035580,0.00036950,69586.55000000,1514296799999,26.01906337,602,25007.51000000,9.38116848,0
2017-12-26 14:00:00,0.00036950,0.00037270,0.00030340,0.00032990,102962.22000000,1514300399999,34.11598157,923,29843.88000000,9.87226680,0
2017-12-26 15:00:00,0.00032990,0.00034250,0.00030980,0.00033420,75391.88000000,1514303999999,24.29621470,634,37493.06000000,12.09229351,0
2017-12-26 16:00:00,0.00033420,0.00033490,0.00030940,0.00032340,73809.18000000,1514307599999,23.87234332,542,38533.79000000,12.52757043,0
2017-12-26 17:00:00,0.00032520,0.00041000,0.00032020,0.00040200,218763.73000000,1514311199999,81.22649319,1968,154681.25000000,57.13024450,0
2017-12-26 18:00:00,0.00040300,0.00043250,0.00036000,0.00036500,172230.51000000,1514314799999,69.07311852,1755,83860.59000000,33.84403694,0
2017-12-26 19:00:00,0.00036500,0.00037100,0.00034300,0.00034300,59952.52000000,1514318399999,21.32127299,708,18751.60000000,6.71974684,0
2017-12-26 20:00:00,0.00034490,0.00038500,0.00034300,0.00037830,49544.86000000,1514321999999,18.29895962,726,21877.75000000,8.10694260,0
2017-12-26 21:00:00,0.00037860,0.00038310,0.00035840,0.00035840,26779.70000000,1514325599999,9.81629620,437,11408.38000000,4.18720086,0
2017-12-26 22:00:00,0.00035910,0.00036500,0.00034800,0.00035150,36258.58000000,1514329199999,12.90170497,495,20432.33000000,7.27790527,0
2017-12-26 23:00:00,0.00035550,0.00035910,0.00033020,0.00035100,43133.06000000,1514332799999,14.92021250,506,12891.86000000,4.50218655,0
2017-12-27 00:00:00,0.00035100,0.00036500,0.00034050,0.00034890,19787.76000000,1514336399999,6.96363533,336,10827.17000000,3.82486194,0
2017-12-27 01:00:00,0.00034860,0.00036000,0.00033000,0.00034500,37774.03000000,1514339999999,12.89909638,378,18549.21000000,6.30602892,0
2017-12-27 02:00:00,0.00034180,0.00034500,0.00033020,0.00034000,16368.71000000,1514343599999,5.52395368,195,2958.05000000,1.00128753,0
2017-12-27 03:00:00,0.00034000,0.00035400,0.00034000,0.00034220,23145.30000000,1514347199999,7.90380774,279,7168.73000000,2.45061923,0
2017-12-27 04:00:00,0.00034220,0.00034220,0.00030800,0.00031930,67559.80000000,1514350799999,21.67680442,557,18314.36000000,5.84926664,0
2017-12-27 05:00:00,0.00031420,0.00031930,0.00030910,0.00031700,23653.74000000,1514354399999,7.44332844,296,10387.34000000,3.28617891,0
2017-12-27 06:00:00,0.00031400,0.00031930,0.00030500,0.00031590,40208.82000000,1514357999999,12.50175605,336,16430.01000000,5.10790709,0
2017-12-27 07:00:00,0.00031600,0.00035000,0.00031600,0.00033810,48036.14000000,1514361599999,16.12061511,474,21555.52000000,7.20960940,0
2017-12-27 08:00:00,0.00033150,0.00033570,0.00030330,0.00032500,36152.36000000,1514365199999,11.62258149,324,6981.70000000,2.27825663,0
2017-12-27 09:00:00,0.00032500,0.00035400,0.00032150,0.00033500,36000.15000000,1514368799999,12.04360451,407,21692.62000000,7.35120984,0
2017-12-27 10:00:00,0.00033560,0.00035500,0.00032890,0.00034100,28096.56000000,1514372399999,9.56592395,295,14629.99000000,4.95434021,0
2017-12-27 11:00:00,0.00034120,0.00035280,0.00034090,0.00034490,11887.58000000,1514375999999,4.10740903,192,2624.27000000,0.90843894,0
2017-12-27 12:00:00,0.00034490,0.00035590,0.00033120,0.00035430,24428.46000000,1514379599999,8.48958381,328,13236.31000000,4.62013950,0
2017-12-27 13:00:00,0.00035400,0.00035640,0.00033610,0.00034550,19238.64000000,1514383199999,6.64308743,382,10166.81000000,3.50469301,0
2017-12-27 14:00:00,0.00034550,0.00035880,0.00034300,0.00035810,25250.14000000,1514386799999,8.86150261,343,7253.16000000,2.54224970,0
2017-12-27 15:00:00,0.00035800,0.00036000,0.00034840,0.00035000,60232.81000000,1514390399999,21.45999163,419,12935.69000000,4.63362462,0
2017-12-27 16:00:00,0.00034840,0.00035000,0.00032170,0.00033620,76943.95000000,1514393999999,26.00127650,743,38526.97000000,13.04849556,0
2017-12-27 17:00:00,0.00034090,0.00034850,0.00032940,0.00033800,29924.31000000,1514397599999,10.11175092,410,13095.16000000,4.43097374,0
2017-12-27 18:00:00,0.00034290,0.00035280,0.00033800,0.00035030,39403.36000000,1514401199999,13.53180090,418,16570.44000000,5.70211515,0
2017-12-27 19:00:00,0.00035280,0.00036210,0.00034710,0.00034850,30467.18000000,1514404799999,10.67859300,291,9071.26000000,3.21293997,0
2017-12-27 20:00:00,0.00034850,0.00041000,0.00034220,0.00038990,110709.81000000,1514408399999,41.88328881,674,64704.34000000,24.85396362,0
2017-12-27 21:00:00,0.00038140,0.00038180,0.00034240,0.00035660,61847.90000000,1514411999999,22.19365820,507,15388.54000000,5.45876950,0
2017-12-27 22:00:00,0.00035500,0.00038700,0.00034420,0.00034560,33184.51000000,1514415599999,11.99687112,413,17064.59000000,6.26061648,0
2017-12-27 23:00:00,0.00034560,0.00036880,0.00034430,0.00035300,19805.24000000,1514419199999,6.98060685,248,9099.98000000,3.21080572,0
2017-12-28 00:00:00,0.00034850,0.00036890,0.00034500,0.00035480,29289.62000000,1514422799999,10.33384953,274,20240.88000000,7.15847410,0
2017-12-28 01:00:00,0.00035410,0.00035990,0.00034220,0.00034220,22099.05000000,1514426399999,7.65744290,252,8617.78000000,2.99607780,0
2017-12-28 02:00:00,0.00034440,0.00034520,0.00032610,0.00033000,38820.41000000,1514429999999,13.02286244,386,18630.09000000,6.24769825,0
2017-12-28 03:00:00,0.00033000,0.00034970,0.00032000,0.00033420,65174.15000000,1514433599999,21.22026589,495,17420.34000000,5.73534595,0
2017-12-28 04:00:00,0.00032710,0.00033670,0.00031000,0.00032300,33664.65000000,1514437199999,10.85681139,286,8737.00000000,2.82258818,0
2017-12-28 05:00:00,0.00032300,0.00033030,0.00030930,0.00032690,65325.40000000,1514440799999,20.99269882,503,22866.18000000,7.35127022,0
2017-12-28 06:00:00,0.00032700,0.00033190,0.00030900,0.00031480,98641.24000000,1514444399999,31.35902164,474,25497.58000000,8.13121566,0
2017-12-28 07:00:00,0.00031490,0.00031580,0.00030050,0.00030890,78855.49000000,1514447999999,24.26960844,502,23568.59000000,7.30071232,0
2017-12-28 08:00:00,0.00030740,0.00031450,0.00029080,0.00030700,107140.54000000,1514451599999,32.47651609,601,34375.52000000,10.50452851,0
2017-12-28 09:00:00,0.00030850,0.00031990,0.00030250,0.00031270,36331.00000000,1514455199999,11.33437989,442,18389.50000000,5.74294959,0
2017-12-28 10:00:00,0.00031320,0.00033300,0.00030910,0.00032270,53765.53000000,1514458799999,17.50429305,396,20712.24000000,6.69355086,0
2017-12-28 11:00:00,0.00032270,0.00032890,0.00029910,0.00030900,34128.40000000,1514462399999,10.64586104,327,9958.88000000,3.08261443,0
2017-12-28 12:00:00,0.00030900,0.00032000,0.00030500,0.00032000,37445.24000000,1514465999999,11.69070297,238,20015.57000000,6.28311805,0
2017-12-28 13:00:00,0.00032010,0.00033190,0.00031920,0.00032880,31813.45000000,1514469599999,10.34114305,293,17852.95000000,5.82676227,0
2017-12-28 14:00:00,0.00032510,0.00033000,0.00032100,0.00032520,22689.99000000,1514473199999,7.39190914,214,8070.84000000,2.63167477,0
2017-12-28 15:00:00,0.00032490,0.00032630,0.00031710,0.00032470,23853.88000000,1514476799999,7.63751391,226,7924.80000000,2.54298440,0
2017-12-28 16:00:00,0.00032210,0.00032800,0.00031780,0.00032140,31481.11000000,1514480399999,10.08448916,283,12435.25000000,4.00071009,0
2017-12-28 17:00:00,0.00032040,0.00035500,0.00031780,0.00034800,77776.16000000,1514483999999,26.51434241,664,49071.91000000,16.82138767,0
2017-12-28 18:00:00,0.00034800,0.00035390,0.00033280,0.00034000,36346.46000000,1514487599999,12.43314970,336,12528.67000000,4.30630739,0
2017-12-28 19:00:00,0.00033990,0.00034030,0.00033000,0.00033790,20259.39000000,1514491199999,6.79456781,247,11744.13000000,3.93621849,0
2017-12-28 20:00:00,0.00033400,0.00034000,0.00033400,0.00033910,22317.24000000,1514494799999,7.55133230,252,8002.69000000,2.70968682,0
2017-12-28 21:00:00,0.00033800,0.00035000,0.00033560,0.00034530,24499.74000000,1514498399999,8.33665045,287,14970.93000000,5.10146709,0
2017-12-28 22:00:00,0.00034690,0.00034900,0.00031900,0.00033140,69393.86000000,1514501999999,23.04025259,612,10405.87000000,3.46786125,0
2017-12-28 23:00:00,0.00033140,0.00035600,0.00033130,0.00033890,68366.79000000,1514505599999,23.60735170,735,38569.51000000,13.38844882,0
2017-12-29 00:00:00,0.00033890,0.00034100,0.00033100,0.00033860,20710.17000000,1514509199999,6.94281163,294,7998.10000000,2.68804896,0
2017-12-29 01:00:00,0.00033870,0.00036090,0.00033160,0.00033490,63952.78000000,1514512799999,22.12077036,582,27471.25000000,9.48949991,0
2017-12-29 02:00:00,0.00033570,0.00035400,0.00032990,0.00033570,36384.94000000,1514516399999,12.17052011,361,11573.22000000,3.90204082,0
2017-12-29 03:00:00,0.00033560,0.00034510,0.00033000,0.00033930,28175.82000000,1514519999999,9.48095482,271,10356.89000000,3.48472755,0
2017-12-29 04:00:00,0.00033950,0.00034110,0.00033000,0.00033260,22728.31000000,1514523599999,7.59662387,263,9305.93000000,3.12147187,0
2017-12-29 05:00:00,0.00033270,0.00033500,0.00033040,0.00033110,12400.79000000,1514527199999,4.13244526,176,7115.77000000,2.37453936,0
2017-12-29 06:00:00,0.00033080,0.00033350,0.00032860,0.00033090,22034.22000000,1514530799999,7.29949820,246,8553.90000000,2.84423584,0
2017-12-29 07:00:00,0.00033100,0.00033500,0.00031730,0.00032940,62890.79000000,1514534399999,20.43592796,359,14794.34000000,4.90364807,0
2017-12-29 08:00:00,0.00032690,0.00033270,0.00031000,0.00031570,64213.89000000,1514537999999,20.34312606,530,19471.67000000,6.20135012,0
2017-12-29 09:00:00,0.00031560,0.00031960,0.00030800,0.00031130,40560.51000000,1514541599999,12.75199402,389,17076.87000000,5.38660198,0
2017-12-29 10:00:00,0.00031130,0.00032320,0.00031110,0.00031610,35258.00000000,1514545199999,11.19240927,320,14473.43000000,4.62633137,0
2017-12-29 11:00:00,0.00031620,0.00032840,0.00031430,0.00032260,35092.73000000,1514548799999,11.21599658,296,8980.62000000,2.89879546,0
2017-12-29 12:00:00,0.00032080,0.00032740,0.00031910,0.00031990,20259.99000000,1514552399999,6.50254763,262,3845.69000000,1.23931154,0
2017-12-29 13:00:00,0.00031990,0.00032730,0.00030500,0.00032210,89104.66000000,1514555999999,27.95982142,390,10211.72000000,3.30045750,0
2017-12-29 14:00:00,0.00032210,0.00032850,0.00031200,0.00032440,36303.55000000,1514559599999,11.74397918,409,22700.85000000,7.36370153,0
2017-12-29 15:00:00,0.00032440,0.00034560,0.00032030,0.00032840,65865.17000000,1514563199999,21.88824314,573,41114.22000000,13.72502450,0
2017-12-29 16:00:00,0.00033110,0.00034160,0.00032250,0.00032580,37334.14000000,1514566799999,12.35613644,406,10682.28000000,3.54392233,0
2017-12-29 17:00:00,0.00032390,0.00033440,0.00032030,0.00032840,39397.23000000,1514570399999,12.91908423,456,15000.00000000,4.92982089,0
2017-12-29 18:00:00,0.00032890,0.00033480,0.00031810,0.00032010,39238.33000000,1514573999999,12.77474074,525,11979.12000000,3.92596459,0
2017-12-29 19:00:00,0.00032120,0.00033340,0.00031810,0.00032460,27223.68000000,1514577599999,8.88028564,298,15529.22000000,5.09915725,0
2017-12-29 20:00:00,0.00032450,0.00032610,0.00031880,0.00032070,21628.02000000,1514581199999,6.96624056,272,8506.69000000,2.74524821,0
2017-12-29 21:00:00,0.00032300,0.00033340,0.00031830,0.00032270,26918.97000000,1514584799999,8.68305578,388,13462.23000000,4.37014939,0
2017-12-29 22:00:00,0.00032050,0.00034000,0.00031880,0.00032810,40875.76000000,1514588399999,13.57949291,246,23878.03000000,7.92600079,0
2017-12-29 23:00:00,0.00032940,0.00034000,0.00032300,0.00032610,19513.87000000,1514591999999,6.46062465,404,8459.43000000,2.83515542,0
2017-12-30 00:00:00,0.00032610,0.00033100,0.00032410,0.00032650,18795.52000000,1514595599999,6.13884528,311,7336.02000000,2.40852606,0
2017-12-30 01:00:00,0.00032650,0.00033330,0.00032400,0.00032720,18991.57000000,1514599199999,6.20882502,226,9600.36000000,3.14889274,0
2017-12-30 02:00:00,0.00032750,0.00034490,0.00032000,0.00033490,33398.26000000,1514602799999,11.05073628,328,17121.20000000,5.68313453,0
2017-12-30 03:00:00,0.00033490,0.00034000,0.00031880,0.00031890,35297.98000000,1514606399999,11.42697676,350,18536.24000000,5.99796765,0
2017-12-30 04:00:00,0.00031890,0.00033720,0.00031880,0.00032470,15198.66000000,1514609999999,4.94068079,235,4314.94000000,1.41549664,0
2017-12-30 05:00:00,0.00033000,0.00033850,0.00032530,0.00032730,11359.78000000,1514613599999,3.76659482,156,5396.53000000,1.80597273,0
2017-12-30 06:00:00,0.00032730,0.00033240,0.00032020,0.00032560,23859.24000000,1514617199999,7.78172135,267,7932.44000000,2.59292890,0
2017-12-30 07:00:00,0.00032550,0.00036900,0.00032550,0.00034000,96976.54000000,1514620799999,33.41048390,878,56795.25000000,19.70741671,0
2017-12-30 08:00:00,0.00034000,0.00037500,0.00033000,0.00034060,106087.70000000,1514624399999,36.56435317,991,51990.36000000,18.12590743,0
2017-12-30 09:00:00,0.00034050,0.00036800,0.00033520,0.00036300,159776.86000000,1514627999999,56.00166848,923,87127.68000000,30.67604401,0
2017-12-30 10:00:00,0.00036310,0.00039480,0.00034610,0.00038310,127769.81000000,1514631599999,47.45583063,975,80756.84000000,30.19805029,0
2017-12-30 11:00:00,0.00038310,0.00041900,0.00038310,0.00041680,124693.17000000,1514635199999,49.79951331,817,80590.43000000,32.27674303,0
2017-12-30 12:00:00,0.00041590,0.00044100,0.00037000,0.00039270,158916.29000000,1514638799999,66.37323074,1294,70042.17000000,29.56883304,0
2017-12-30 13:00:00,0.00039200,0.00040480,0.00037780,0.00038360,46291.79000000,1514642399999,18.03119819,495,24829.45000000,9.64988217,0
2017-12-30 14:00:00,0.00038670,0.00042000,0.00038200,0.00039600,67220.03000000,1514645999999,26.85293344,690,33910.75000000,13.59812338,0
2017-12-30 15:00:00,0.00039630,0.00042900,0.00038510,0.00042050,76809.42000000,1514649599999,31.74128258,794,51443.48000000,21.35218269,0
2017-12-30 16:00:00,0.00042300,0.00045870,0.00042000,0.00043250,175990.00000000,1514653199999,77.57811752,1388,86275.77000000,38.18865910,0
2017-12-30 17:00:00,0.00043250,0.00044350,0.00041540,0.00042800,54754.98000000,1514656799999,23.50438417,667,28064.20000000,12.08427920,0
2017-12-30 18:00:00,0.00042800,0.00043000,0.00039010,0.00041790,79647.70000000,1514660399999,32.91026423,829,38649.41000000,16.04653146,0
2017-12-30 19:00:00,0.00041540,0.00042500,0.00039810,0.00041600,34137.31000000,1514663999999,14.19752047,513,18594.85000000,7.76809164,0
2017-12-30 20:00:00,0.00041470,0.00042990,0.00041250,0.00042700,51691.10000000,1514667599999,21.91380086,461,28439.02000000,12.07793545,0
2017-12-30 21:00:00,0.00042670,0.00042710,0.00040860,0.00041300,29631.77000000,1514671199999,12.35380949,446,11735.32000000,4.91997149,0
2017-12-30 22:00:00,0.00041300,0.00042000,0.00038110,0.00038700,89673.18000000,1514674799999,35.73464830,1207,39239.38000000,15.73012591,0
2017-12-30 23:00:00,0.00038740,0.00041060,0.00038160,0.00039820,42016.21000000,1514678399999,16.61969722,1017,20478.15000000,8.10840777,0
2017-12-31 00:00:00,0.00040360,0.00040790,0.00039000,0.00039390,26273.28000000,1514681999999,10.50801894,475,10767.04000000,4.31313562,0
2017-12-31 01:00:00,0.00039380,0.00040570,0.00038000,0.00040110,56588.13000000,1514685599999,22.34786462,514,16698.10000000,6.66838463,0
2017-12-31 02:00:00,0.00040090,0.00040570,0.00036970,0.00037400,68348.62000000,1514689199999,26.15703194,820,22595.63000000,8.71628189,0
2017-12-31 03:00:00,0.00037540,0.00040090,0.00036010,0.00038820,68317.90000000,1514692799999,25.98733296,688,25319.24000000,9.61407426,0
2017-12-31 04:00:00,0.00039970,0.00039970,0.00036850,0.00037400,33194.32000000,1514696399999,12.45882817,434,12522.99000000,4.68120152,0
2017-12-31 05:00:00,0.00037400,0.00038020,0.00037170,0.00037520,14138.44000000,1514699999999,5.28064932,239,5376.25000000,2.00932697,0
2017-12-31 06:00:00,0.00037570,0.00037880,0.00037200,0.00037320,22179.48000000,1514703599999,8.29594008,190,4654.41000000,1.74157336,0
2017-12-31 07:00:00,0.00037630,0.00038000,0.00036560,0.00037150,26050.47000000,1514707199999,9.70880095,370,7246.32000000,2.71682441,0
2017-12-31 08:00:00,0.00037060,0.00037560,0.00036500,0.00037080,19016.01000000,1514710799999,7.01823565,315,6362.79000000,2.35425579,0
2017-12-31 09:00:00,0.00037110,0.00037330,0.00036560,0.00037140,19658.18000000,1514714399999,7.26212309,341,10618.67000000,3.93049833,0
2017-12-31 10:00:00,0.00037140,0.00039840,0.00036620,0.00038210,38249.12000000,1514717999999,14.54464566,621,18487.00000000,7.03654645,0
2017-12-31 11:00:00,0.00038310,0.00039800,0.00037590,0.00038140,60953.20000000,1514721599999,23.06397969,415,9548.06000000,3.62200711,0
2017-12-31 12:00:00,0.00038140,0.00039000,0.00037610,0.00038200,43111.50000000,1514725199999,16.59448583,535,11411.26000000,4.39831045,0
2017-12-31 13:00:00,0.00038210,0.00038400,0.00037600,0.00038030,38393.60000000,1514728799999,14.58636236,403,18719.86000000,7.12159824,0
2017-12-31 14:00:00,0.00038030,0.00038100,0.00037660,0.00037940,49978.70000000,1514732399999,18.93634452,417,21472.41000000,8.14757141,0
2017-12-31 15:00:00,0.00038000,0.00038260,0.00037600,0.00037800,33834.03000000,1514735999999,12.81788044,429,12836.95000000,4.86973435,0
2017-12-31 16:00:00,0.00037870,0.00038990,0.00036500,0.00036780,76946.24000000,1514739599999,28.79703239,912,24917.72000000,9.36593605,0
2017-12-31 17:00:00,0.00036790,0.00038000,0.00036780,0.00037390,32699.34000000,1514743199999,12.17701183,448,20186.27000000,7.52236819,0
2017-12-31 18:00:00,0.00037200,0.00037690,0.00036230,0.00037220,34551.02000000,1514746799999,12.78975307,385,14679.44000000,5.42674308,0
2017-12-31 19:00:00,0.00037230,0.00037620,0.00036230,0.00037210,22798.85000000,1514750399999,8.44981763,346,12683.62000000,4.71118017,0
2017-12-31 20:00:00,0.00037220,0.00037850,0.00036860,0.00037000,38440.38000000,1514753999999,14.40271903,315,9278.90000000,3.47363102,0
2017-12-31 21:00:00,0.00037000,0.00037860,0.00037000,0.00037300,25752.03000000,1514757599999,9.64909538,260,9779.06000000,3.66975585,0
2017-12-31 22:00:00,0.00037690,0.00038000,0.00036740,0.00037200,13556.64000000,1514761199999,5.07692637,216,5521.22000000,2.07397502,0
2017-12-31 23:00:00,0.00037100,0.00038000,0.00037010,0.00037100,15478.72000000,1514764799999,5.77027245,159,5278.80000000,1.97881693,0
2018-01-01 00:00:00,0.00037630,0.00037700,0.00036900,0.00037280,20789.91000000,1514768399999,7.75735773,211,4105.29000000,1.53684079,0
