Date,Open,High,Low,Close,Volume
2017-12-12 08:00:00,0.00000177,0.00000250,0.00000159,0.00000170,5732430.00000000,1513069199999,10.83529853,301,2749654.00000000,5.23273767,57406490.79598293
2017-12-12 09:00:00,0.00000176,0.00000176,0.00000145,0.00000149,20984405.00000000,1513072799999,32.64713504,791,8568745.00000000,13.41292049,193326625.68030337
2017-12-12 10:00:00,0.00000149,0.00000185,0.00000148,0.00000164,16896127.00000000,1513076399999,28.05430357,702,7237911.00000000,12.01781156,215700002.80350430
2017-12-12 11:00:00,0.00000164,0.00000191,0.00000161,0.00000182,17687616.00000000,1513079999999,31.64399902,796,7492625.00000000,13.45744274,255049241.29839997
2017-12-12 12:00:00,0.00000182,0.00000184,0.00000148,0.00000165,23465487.00000000,1513083599999,38.57673830,537,10438042.00000000,16.78820274,282419749.28300898
2017-12-12 13:00:00,0.00000164,0.00000165,0.00000149,0.00000158,11051907.00000000,1513087199999,17.32302793,398,4026354.00000000,6.33549475,292598254.21139739
2017-12-12 14:00:00,0.00000157,0.00000162,0.00000152,0.00000157,5076276.00000000,1513090799999,7.97054235,259,2609448.00000000,4.13112927,299651885.66090459
2017-12-12 15:00:00,0.00000157,0.00000158,0.00000143,0.00000143,6463942.00000000,1513094399999,9.70792141,298,1681766.00000000,2.54587419,308711674.29943027
2017-12-12 16:00:00,0.00000143,0.00000152,0.00000137,0.00000141,4148311.00000000,1513097999999,5.99333183,256,909956.00000000,1.32631902,312795725.63993027
2017-12-12 17:00:00,0.00000142,0.00000153,0.00000136,0.00000137,7556985.00000000,1513101599999,10.64017943,316,1782973.00000000,2.55237042,341386056.21049982
2017-12-12 18:00:00,0.00000141,0.00000154,0.00000135,0.00000142,4521245.00000000,1513105199999,6.38944130,276,2240712.00000000,3.20482313,344130346.88068937
2017-12-12 19:00:00,0.00000143,0.00000152,0.00000141,0.00000145,2750967.00000000,1513108799999,4.02880429,168,1413048.00000000,2.10016140,345308047.00208937
2017-12-12 20:00:00,0.00000145,0.00000151,0.00000141,0.00000150,4099709.00000000,1513112399999,6.03034613,225,1997764.00000000,2.97568537,345788613.31413587
2017-12-12 21:00:00,0.00000149,0.00000150,0.00000141,0.00000146,2427265.00000000,1513115999999,3.54433638,172,488357.00000000,0.71921936,348099271.72111087
2017-12-12 22:00:00,0.00000145,0.00000150,0.00000141,0.00000143,1972660.00000000,1513119599999,2.86092879,153,524433.00000000,0.76962515,349677928.75736087
2017-12-12 23:00:00,0.00000146,0.00000151,0.00000134,0.00000143,4828175.00000000,1513123199999,7.03828531,156,3223301.00000000,4.76978223,354237863.66240109
2017-12-13 00:00:00,0.00000143,0.00000149,0.00000140,0.00000145,3033787.00000000,1513126799999,4.38319983,138,1171047.00000000,1.70212176,354989834.32438134
2017-12-13 01:00:00,0.00000146,0.00000147,0.00000135,0.00000137,3215902.00000000,1513130399999,4.50061497,184,1278533.00000000,1.80088399,355558577.76879152
2017-12-13 02:00:00,0.00000135,0.00000139,0.00000123,0.00000128,7654112.00000000,1513133999999,10.21629778,295,3959439.00000000,5.33161885,358769664.48567935
2017-12-13 03:00:00,0.00000127,0.00000143,0.00000122,0.00000140,5519844.00000000,1513137599999,7.39921891,188,4197505.00000000,5.68621885,362188400.04658335
2017-12-13 04:00:00,0.00000140,0.00000150,0.00000139,0.00000150,1847835.00000000,1513141199999,2.67435334,158,1251646.00000000,1.82205360,366858134.23444841
2017-12-13 05:00:00,0.00000150,0.00000150,0.00000137,0.00000140,1662161.00000000,1513144799999,2.38419122,158,437858.00000000,0.63598244,368516101.71884841
2017-12-13 06:00:00,0.00000139,0.00000144,0.00000130,0.00000137,5879794.00000000,1513148399999,7.95804712,206,960314.00000000,1.33725623,371584019.90494841
2017-12-13 07:00:00,0.00000137,0.00000141,0.00000131,0.00000133,6010384.00000000,1513151999999,8.19426869,173,2519661.00000000,3.49191976,373245765.19884841
2017-12-13 08:00:00,0.00000135,0.00000138,0.00000125,0.00000137,5277632.00000000,1513155599999,6.91570355,230,2548659.00000000,3.39595591,374253832.19438930
2017-12-13 09:00:00,0.00000133,0.00000141,0.00000133,0.00000137,3897212.00000000,1513159199999,5.37051861,183,2218388.00000000,3.06415835,374348364.19128930
2017-12-13 10:00:00,0.00000137,0.00000147,0.00000136,0.00000140,6506593.00000000,1513162799999,9.25025344,254,5100408.00000000,7.27655103,375011284.95329811
2017-12-13 11:00:00,0.00000141,0.00000143,0.00000137,0.00000141,2036134.00000000,1513166399999,2.85820402,136,620402.00000000,0.87301544,375287908.17344311
2017-12-13 12:00:00,0.00000141,0.00000150,0.00000139,0.00000146,3140655.00000000,1513169999999,4.48476303,213,1106506.00000000,1.60199914,379372472.76558816
2017-12-13 13:00:00,0.00000147,0.00000148,0.00000141,0.00000141,2973699.00000000,1513173599999,4.29053469,135,498226.00000000,0.72752438,379364504.63858816
2017-12-13 14:00:00,0.00000144,0.00000155,0.00000142,0.00000149,4147171.00000000,1513177199999,6.09159345,209,3130152.00000000,4.63444512,380664338.30236316
2017-12-13 15:00:00,0.00000149,0.00000149,0.00000140,0.00000143,2013705.00000000,1513180799999,2.89199351,154,510202.00000000,0.74465558,381870327.12546316
2017-12-13 16:00:00,0.00000143,0.00000143,0.00000139,0.00000142,3153841.00000000,1513184399999,4.44680980,169,1425683.00000000,2.02101080,382610321.36146316
2017-12-13 17:00:00,0.00000141,0.00000144,0.00000139,0.00000140,1713944.00000000,1513187999999,2.41463775,118,440743.00000000,0.62358562,382964292.50796316
2017-12-13 18:00:00,0.00000140,0.00000142,0.00000133,0.00000139,2261986.00000000,1513191599999,3.12242788,141,418788.00000000,0.58510812,384639568.43496316
2017-12-13 19:00:00,0.00000136,0.00000140,0.00000129,0.00000136,1502427.00000000,1513195199999,1.99936876,134,198754.00000000,0.27052773,384510950.67093816
2017-12-13 20:00:00,0.00000139,0.00000140,0.00000130,0.00000133,2762283.00000000,1513198799999,3.68680532,149,860915.00000000,1.14767424,386200122.63986316
2017-12-13 21:00:00,0.00000133,0.00000146,0.00000133,0.00000139,1618910.00000000,1513202399999,2.26430325,115,999501.00000000,1.40397795,386328248.35948816
2017-12-13 22:00:00,0.00000138,0.00000146,0.00000137,0.00000145,1602964.00000000,1513205999999,2.28441908,89,777021.00000000,1.12005213,387550371.57558816
2017-12-13 23:00:00,0.00000145,0.00000147,0.00000141,0.00000143,3295492.00000000,1513209599999,4.77996558,122,2588298.00000000,3.76624967,387840854.89608816
2017-12-14 00:00:00,0.00000143,0.00000146,0.00000139,0.00000144,2459961.00000000,1513213199999,3.51905621,134,1366712.00000000,1.96854020,388257299.74708816
2017-12-14 01:00:00,0.00000144,0.00000150,0.00000137,0.00000143,7459154.00000000,1513216799999,10.89380640,190,5716436.00000000,8.42856377,390883841.01876172
2017-12-14 02:00:00,0.00000144,0.00000145,0.00000139,0.00000145,3027500.00000000,1513220399999,4.30088101,122,975581.00000000,1.40889444,391106461.51873692
2017-12-14 03:00:00,0.00000144,0.00000149,0.00000143,0.00000148,2907138.00000000,1513223999999,4.21348796,121,1965377.00000000,2.85285199,392202184.44205410
2017-12-14 04:00:00,0.00000149,0.00000149,0.00000144,0.00000146,3941078.00000000,1513227599999,5.76822697,159,1980656.00000000,2.90764549,393393040.85605410
2017-12-14 05:00:00,0.00000145,0.00000146,0.00000137,0.00000142,4889336.00000000,1513231199999,6.89394373,241,761348.00000000,1.09002616,402378150.48494000
2017-12-14 06:00:00,0.00000142,0.00000148,0.00000140,0.00000146,4332439.00000000,1513234799999,6.26533040,217,2325787.00000000,3.39042676,403716261.45589000
2017-12-14 07:00:00,0.00000146,0.00000150,0.00000144,0.00000145,4401283.00000000,1513238399999,6.46452401,190,1728127.00000000,2.56541815,404153247.29479000
2017-12-14 08:00:00,0.00000144,0.00000148,0.00000136,0.00000141,8758661.00000000,1513241999999,12.47844648,297,1368859.00000000,1.98096647,405552328.62228600
2017-12-14 09:00:00,0.00000141,0.00000141,0.00000132,0.00000133,6469069.00000000,1513245599999,8.71401023,241,1191394.00000000,1.61275662,408474733.43524600
2017-12-14 10:00:00,0.00000133,0.00000140,0.00000132,0.00000138,5072217.00000000,1513249199999,6.80725700,232,944768.00000000,1.27950616,410925372.49404600
2017-12-14 11:00:00,0.00000137,0.00000142,0.00000133,0.00000134,2859080.00000000,1513252799999,3.91931936,175,1089361.00000000,1.50846747,411737475.29293606
2017-12-14 12:00:00,0.00000134,0.00000144,0.00000134,0.00000141,3833564.00000000,1513256399999,5.41542619,211,3060734.00000000,4.32347601,412366813.44747498
2017-12-14 13:00:00,0.00000143,0.00000152,0.00000141,0.00000149,5869991.00000000,1513259999999,8.52964679,253,4044757.00000000,5.89722967,413403213.10229998
2017-12-14 14:00:00,0.00000152,0.00000196,0.00000149,0.00000180,32467233.00000000,1513263599999,58.17021170,1093,18699755.00000000,33.40389227,417653949.60133223
2017-12-14 15:00:00,0.00000180,0.00000195,0.00000160,0.00000187,17785944.00000000,1513267199999,31.69827876,758,8760783.00000000,15.85863584,425595652.44460818
2017-12-14 16:00:00,0.00000189,0.00000189,0.00000162,0.00000166,7416076.00000000,1513270799999,13.07697001,382,3615762.00000000,6.40341851,427027002.16461625
2017-12-14 17:00:00,0.00000166,0.00000176,0.00000164,0.00000174,6893717.00000000,1513274399999,11.65057916,317,4042755.00000000,6.83572907,427829930.47365583
2017-12-14 18:00:00,0.00000172,0.00000172,0.00000157,0.00000166,4174557.00000000,1513277999999,6.85366730,301,1326222.00000000,2.20965954,430369394.13755583
2017-12-14 19:00:00,0.00000166,0.00000177,0.00000160,0.00000175,3469395.00000000,1513281599999,5.80182303,205,1211436.00000000,2.06744678,430480671.13755583
2017-12-14 20:00:00,0.00000175,0.00000184,0.00000171,0.00000184,2708853.00000000,1513285199999,4.80851354,307,1190248.00000000,2.14258477,430648310.65130582
2017-12-14 21:00:00,0.00000182,0.00000209,0.00000182,0.00000194,9690415.00000000,1513288799999,18.94695709,535,4634134.00000000,9.00357566,434151437.13318157
2017-12-14 22:00:00,0.00000194,0.00000221,0.00000188,0.00000218,13558614.00000000,1513292399999,28.39327284,794,5322648.00000000,11.16281656,442413167.92046483
2017-12-14 23:00:00,0.00000215,0.00000218,0.00000201,0.00000215,11007703.00000000,1513295999999,23.19020270,705,4171037.00000000,8.80864164,445038480.98055954
2017-12-15 00:00:00,0.00000216,0.00000224,0.00000180,0.00000193,15099908.00000000,1513299599999,31.61843736,930,4249505.00000000,8.95088745,447462423.49580810
2017-12-15 01:00:00,0.00000190,0.00000215,0.00000172,0.00000180,11659693.00000000,1513303199999,21.97750749,666,4699053.00000000,8.99261825,450283777.80398930
2017-12-15 02:00:00,0.00000177,0.00000187,0.00000142,0.00000150,12279097.00000000,1513306799999,20.19528716,610,3800965.00000000,6.47481227,453373337.04369570
2017-12-15 03:00:00,0.00000146,0.00000178,0.00000146,0.00000170,7639995.00000000,1513310399999,12.64201653,410,3425668.00000000,5.74218199,453551496.80916420
2017-12-15 04:00:00,0.00000170,0.00000188,0.00000169,0.00000175,6833133.00000000,1513313999999,12.15077757,364,3002497.00000000,5.31154786,456711766.91238920
2017-12-15 05:00:00,0.00000175,0.00000183,0.00000166,0.00000168,4476215.00000000,1513317599999,7.81667855,341,1112964.00000000,1.94343161,459992963.71090555
2017-12-15 06:00:00,0.00000168,0.00000184,0.00000168,0.00000182,4029137.00000000,1513321199999,7.14894548,301,2199742.00000000,3.92306013,461327128.45764519
2017-12-15 07:00:00,0.00000179,0.00000189,0.00000175,0.00000189,4914859.00000000,1513324799999,8.87138700,354,2130346.00000000,3.88638263,463309093.31253339
2017-12-15 08:00:00,0.00000189,0.00000192,0.00000180,0.00000186,4884976.00000000,1513328399999,9.11442191,338,2295141.00000000,4.28063684,464020717.54063339
2017-12-15 09:00:00,0.00000186,0.00000190,0.00000172,0.00000182,8042762.00000000,1513331999999,14.43874189,286,3657750.00000000,6.58766931,465501658.52857424
2017-12-15 10:00:00,0.00000182,0.00000182,0.00000163,0.00000168,7282730.00000000,1513335599999,12.37844382,368,1465156.00000000,2.50522841,466279804.05334218
2017-12-15 11:00:00,0.00000168,0.00000180,0.00000167,0.00000175,2457658.00000000,1513339199999,4.28284551,226,762163.00000000,1.34025580,466315864.02418265
2017-12-15 12:00:00,0.00000175,0.00000176,0.00000167,0.00000170,3376724.00000000,1513342799999,5.77584188,266,1605185.00000000,2.75957526,466031078.15848265
2017-12-15 13:00:00,0.00000173,0.00000206,0.00000171,0.00000194,13566073.00000000,1513346399999,26.07167442,799,7612353.00000000,14.49091653,467258868.31171316
2017-12-15 14:00:00,0.00000194,0.00000200,0.00000183,0.00000196,9044844.00000000,1513349999999,17.48806587,569,3531098.00000000,6.85169932,468626921.55716675
2017-12-15 15:00:00,0.00000195,0.00000206,0.00000191,0.00000204,8067609.00000000,1513353599999,16.17963052,544,3595802.00000000,7.23046832,468964694.87805272
2017-12-15 16:00:00,0.00000204,0.00000225,0.00000195,0.00000218,11905649.00000000,1513357199999,24.75941004,780,7167700.00000000,14.97384953,469291752.21091287
2017-12-15 17:00:00,0.00000218,0.00000285,0.00000216,0.00000278,52994554.00000000,1513360799999,131.54187257,2197,24224819.00000000,59.92544518,475836761.85546685
2017-12-15 18:00:00,0.00000277,0.00000283,0.00000230,0.00000249,50296763.00000000,1513364399999,130.39345348,2501,19229523.00000000,50.30846140,479270718.04210761
2017-12-15 19:00:00,0.00000250,0.00000275,0.00000243,0.00000258,23575021.00000000,1513367999999,61.75732905,1394,11790402.00000000,31.00330583,481461468.37505546
2017-12-15 20:00:00,0.00000258,0.00000258,0.00000230,0.00000239,15611781.00000000,1513371599999,37.84839566,1125,5889079.00000000,14.28346192,484185772.66928986
2017-12-15 21:00:00,0.00000239,0.00000248,0.00000232,0.00000242,6550076.00000000,1513375199999,15.71313152,571,3570204.00000000,8.60768046,485717017.33700625
2017-12-15 22:00:00,0.00000242,0.00000248,0.00000222,0.00000230,9497232.00000000,1513378799999,22.01851983,764,3963264.00000000,9.31471844,485848965.29326987
2017-12-15 23:00:00,0.00000230,0.00000241,0.00000224,0.00000224,5521228.00000000,1513382399999,12.87241147,497,1465983.00000000,3.45143219,492823915.29026987
2017-12-16 00:00:00,0.00000226,0.00000229,0.00000195,0.00000207,16394809.00000000,1513385999999,34.57560258,846,3334745.00000000,7.02915897,492344158.73651759
2017-12-16 01:00:00,0.00000205,0.00000245,0.00000203,0.00000230,13987908.00000000,1513389599999,32.17913086,892,5838502.00000000,13.39213925,494630156.58090539
2017-12-16 02:00:00,0.00000232,0.00000244,0.00000226,0.00000231,7492128.00000000,1513393199999,17.67099221,549,3469255.00000000,8.20240338,495909049.71430539
2017-12-16 03:00:00,0.00000231,0.00000240,0.00000214,0.00000224,5566338.00000000,1513396799999,12.63702083,492,2333494.00000000,5.33121740,500125167.79733472
2017-12-16 04:00:00,0.00000224,0.00000234,0.00000220,0.00000229,2876090.00000000,1513400399999,6.53486525,325,1902112.00000000,4.32882948,500331966.18648472
2017-12-16 05:00:00,0.00000231,0.00000232,0.00000225,0.00000228,3992677.00000000,1513403999999,9.15637273,289,2248671.00000000,5.16495447,500675410.14632749
2017-12-16 06:00:00,0.00000228,0.00000229,0.00000212,0.00000219,4600386.00000000,1513407599999,10.17217981,357,1334831.00000000,2.97659268,500904688.84432749
2017-12-16 07:00:00,0.00000221,0.00000224,0.00000198,0.00000210,14856947.00000000,1513411199999,31.09119696,575,5806602.00000000,12.07930440,501568306.45232749
2017-12-16 08:00:00,0.00000210,0.00000220,0.00000201,0.00000210,5998341.00000000,1513414799999,12.65907923,387,2806977.00000000,6.00108830,503074393.93692749
2017-12-16 09:00:00,0.00000212,0.00000220,0.00000210,0.00000220,4313117.00000000,1513418399999,9.26107434,353,2000711.00000000,4.32868498,502738924.31727443
2017-12-16 10:00:00,0.00000220,0.00000235,0.00000218,0.00000230,6655121.00000000,1513421999999,15.09152308,576,3695058.00000000,8.40973867,503861200.31727443
2017-12-16 11:00:00,0.00000228,0.00000239,0.00000220,0.00000228,6168048.00000000,1513425599999,14.33012153,431,2945527.00000000,6.90714900,504928532.47500962
2017-12-16 12:00:00,0.00000228,0.00000237,0.00000217,0.00000223,6536387.00000000,1513429199999,14.73134740,505,3113908.00000000,7.03710962,506092480.11400962
2017-12-16 13:00:00,0.00000223,0.00000224,0.00000205,0.00000224,8922354.00000000,1513432799999,19.09737198,609,3856982.00000000,8.31558507,505568610.62895962
2017-12-16 14:00:00,0.00000219,0.00000230,0.00000213,0.00000225,5518442.00000000,1513436399999,12.11716506,440,2808823.00000000,6.24738890,503914722.22127362
2017-12-16 15:00:00,0.00000223,0.00000250,0.00000223,0.00000226,12953112.00000000,1513439999999,30.87114379,821,8100461.00000000,19.50853176,506495369.03544697
2017-12-16 16:00:00,0.00000225,0.00000249,0.00000223,0.00000238,8354204.00000000,1513443599999,19.74603425,656,5455785.00000000,12.92149954,506663782.69570231
2017-12-16 17:00:00,0.00000239,0.00000239,0.00000222,0.00000227,6207619.00000000,1513447199999,14.38165877,477,1760757.00000000,4.10188872,506809992.19485231
2017-12-16 18:00:00,0.00000228,0.00000236,0.00000226,0.00000235,4399396.00000000,1513450799999,10.25289052,369,1753332.00000000,4.09434892,507534659.98550466
2017-12-16 19:00:00,0.00000234,0.00000235,0.00000210,0.00000220,4425934.00000000,1513454399999,9.92150825,387,1050501.00000000,2.39010169,507907684.81293666
2017-12-16 20:00:00,0.00000220,0.00000221,0.00000211,0.00000218,3839432.00000000,1513457999999,8.27071487,310,1151948.00000000,2.49487509,507954961.58793666
2017-12-16 21:00:00,0.00000220,0.00000235,0.00000213,0.00000223,4511558.00000000,1513461599999,10.23258809,417,2217162.00000000,5.07532412,508307340.59987510
2017-12-16 22:00:00,0.00000222,0.00000232,0.00000210,0.00000215,6151925.00000000,1513465199999,13.58292522,377,1495843.00000000,3.37971895,507596714.54687510
2017-12-16 23:00:00,0.00000215,0.00000230,0.00000204,0.00000227,8807384.00000000,1513468799999,18.82402631,401,2733322.00000000,6.04744997,508114379.55439756
2017-12-17 00:00:00,0.00000227,0.00000245,0.00000221,0.00000239,9213327.00000000,1513472399999,21.75305474,647,5754984.00000000,13.56839786,508031077.86449756
2017-12-17 01:00:00,0.00000239,0.00000260,0.00000231,0.00000260,7769437.00000000,1513475999999,18.74737403,568,4636587.00000000,11.24511699,508605667.82482881
2017-12-17 02:00:00,0.00000258,0.00000277,0.00000242,0.00000270,12317759.00000000,1513479599999,32.07764154,843,6938690.00000000,18.26550777,508718707.81082881
2017-12-17 03:00:00,0.00000270,0.00000276,0.00000258,0.00000273,6481503.00000000,1513483199999,17.33369475,649,3293307.00000000,8.83280346,513886229.78206933
2017-12-17 04:00:00,0.00000272,0.00000277,0.00000265,0.00000269,6663047.00000000,1513486799999,17.99633449,536,3318637.00000000,8.98648983,515185620.27666933
2017-12-17 05:00:00,0.00000269,0.00000279,0.00000266,0.00000274,9946767.00000000,1513490399999,27.14636176,589,4886573.00000000,13.38359615,515783203.89637623
2017-12-17 06:00:00,0.00000274,0.00000277,0.00000262,0.00000277,5535732.00000000,1513493999999,15.00122819,465,3751864.00000000,10.18525021,517831962.93257623
2017-12-17 07:00:00,0.00000277,0.00000329,0.00000273,0.00000310,26421135.00000000,1513497599999,80.29191275,1709,14603898.00000000,44.40730513,521745304.07601086
2017-12-17 08:00:00,0.00000311,0.00000328,0.00000305,0.00000319,14757339.00000000,1513501199999,47.15891510,1258,5242706.00000000,16.81603970,523938502.23141426
2017-12-17 09:00:00,0.00000319,0.00000322,0.00000293,0.00000300,8268341.00000000,1513504799999,25.39162307,723,2918026.00000000,9.06101614,525198962.97645694
2017-12-17 10:00:00,0.00000300,0.00000316,0.00000285,0.00000290,7183740.00000000,1513508399999,21.53685668,635,3204655.00000000,9.66571805,525574312.69251006
2017-12-17 11:00:00,0.00000291,0.00000297,0.00000275,0.00000281,5613221.00000000,1513511999999,16.05294738,572,1844750.00000000,5.31980914,526263333.46158506
2017-12-17 12:00:00,0.00000283,0.00000295,0.00000282,0.00000295,6113504.00000000,1513515599999,17.72373058,543,2857740.00000000,8.32347380,527568409.04618505
2017-12-17 13:00:00,0.00000291,0.00000294,0.00000280,0.00000289,4651673.00000000,1513519199999,13.35611353,578,1895736.00000000,5.46698819,529011723.07223705
2017-12-17 14:00:00,0.00000286,0.00000290,0.00000265,0.00000274,14680056.00000000,1513522799999,40.31241213,781,5413022.00000000,14.96600184,529177785.08796643
2017-12-17 15:00:00,0.00000275,0.00000292,0.00000273,0.00000282,6599779.00000000,1513526399999,18.61255305,675,2364351.00000000,6.67813249,529688992.66496643
2017-12-17 16:00:00,0.00000282,0.00000320,0.00000280,0.00000310,11073134.00000000,1513529999999,33.93461033,950,6803530.00000000,20.94501242,530525175.54095155
2017-12-17 17:00:00,0.00000312,0.00000326,0.00000304,0.00000313,7806819.00000000,1513533599999,24.80374509,696,4783179.00000000,15.29671321,530451932.43395155
2017-12-17 18:00:00,0.00000313,0.00000320,0.00000295,0.00000305,4623585.00000000,1513537199999,14.15548578,580,1505223.00000000,4.62188556,530700783.51051518
2017-12-17 19:00:00,0.00000304,0.00000320,0.00000298,0.00000317,4769098.00000000,1513540799999,14.90083515,565,2492227.00000000,7.80637053,530636411.95565029
2017-12-17 20:00:00,0.00000317,0.00000350,0.00000313,0.00000349,13380395.00000000,1513544399999,44.97679363,2153,8747422.00000000,29.36072263,530938123.22401962
2017-12-17 21:00:00,0.00000349,0.00000359,0.00000336,0.00000339,12411453.00000000,1513547999999,43.21494894,1501,6493805.00000000,22.72922547,531162787.91595604
2017-12-17 22:00:00,0.00000338,0.00000358,0.00000330,0.00000351,9836266.00000000,1513551599999,34.45638362,1125,5573105.00000000,19.61218257,531345441.05656178
2017-12-17 23:00:00,0.00000355,0.00000422,0.00000352,0.00000380,42842572.00000000,1513555199999,167.12015925,3381,23351417.00000000,91.11563307,533630956.97918777
2017-12-18 00:00:00,0.00000380,0.00000410,0.00000370,0.00000406,17439575.00000000,1513558799999,68.71261023,2382,8045419.00000000,31.85289998,534997749.17208261
2017-12-18 01:00:00,0.00000406,0.00000410,0.00000340,0.00000372,23975104.00000000,1513562399999,88.65142747,2050,8730151.00000000,32.52443198,541267856.16944301
2017-12-18 02:00:00,0.00000373,0.00000395,0.00000367,0.00000388,8655385.00000000,1513565999999,32.99419935,2867,3208459.00000000,12.24447991,542295527.08094301
2017-12-18 03:00:00,0.00000388,0.00000474,0.00000380,0.00000467,32686496.00000000,1513569599999,141.50814290,2836,16713123.00000000,72.69859585,542238593.51465451
2017-12-18 04:00:00,0.00000467,0.00000520,0.00000442,0.00000484,40738779.00000000,1513573199999,194.93010719,3784,20471057.00000000,98.45667606,545995021.67999943
2017-12-18 05:00:00,0.00000477,0.00000480,0.00000427,0.00000443,17497964.00000000,1513576799999,79.33369666,2054,6605072.00000000,29.95405985,550012414.39647440
2017-12-18 06:00:00,0.00000443,0.00000461,0.00000424,0.00000430,12158504.00000000,1513580399999,53.91930055,1357,6020508.00000000,26.83244645,553218928.05651738
2017-12-18 07:00:00,0.00000435,0.00000459,0.00000432,0.00000455,10279171.00000000,1513583999999,45.61206871,1082,5063450.00000000,22.53443646,553595521.00477076
2017-12-18 08:00:00,0.00000455,0.00000476,0.00000430,0.00000436,12225074.00000000,1513587599999,55.79263910,1316,5534982.00000000,25.44970044,557273921.42605580
2017-12-18 09:00:00,0.00000436,0.00000440,0.00000403,0.00000413,11523401.00000000,1513591199999,48.21033243,1354,4855073.00000000,20.49483487,556610572.82964639
2017-12-18 10:00:00,0.00000413,0.00000433,0.00000408,0.00000423,7287683.00000000,1513594799999,30.58721299,952,3201867.00000000,13.43834091,558437755.85501371
2017-12-18 11:00:00,0.00000420,0.00000426,0.00000355,0.00000390,17205576.00000000,1513598399999,66.79488027,1565,7267941.00000000,28.12921720,559180580.08470248
2017-12-18 12:00:00,0.00000387,0.00000396,0.00000365,0.00000370,5262068.00000000,1513600155321,19.72088398,640,2478749.00000000,9.32784944,558676020.44470248
2017-12-18 13:00:00,0.00000374,0.00000377,0.00000348,0.00000364,10605030.00000000,1513605599999,38.37286866,883,4349270.00000000,15.76610983,0
2017-12-18 14:00:00,0.00000364,0.00000396,0.00000362,0.00000386,12536817.00000000,1513609199999,47.97777093,1349,6149946.00000000,23.60825711,0
2017-12-18 15:00:00,0.00000387,0.00000444,0.00000385,0.00000400,19297275.00000000,1513612799999,80.65486223,2130,10989399.00000000,46.01717318,0
2017-12-18 16:00:00,0.00000404,0.00000430,0.00000390,0.00000418,8302093.00000000,1513616399999,34.58328193,1151,4325485.00000000,18.16803567,0
2017-12-18 17:00:00,0.00000416,0.00000428,0.00000401,0.00000423,8849039.00000000,1513619999999,36.55782324,1088,4786792.00000000,19.77049741,0
2017-12-18 18:00:00,0.00000418,0.00000455,0.00000411,0.00000450,8624752.00000000,1513623599999,37.31357962,1208,5172438.00000000,22.49165190,0
2017-12-18 19:00:00,0.00000453,0.00000495,0.00000437,0.00000487,14624613.00000000,1513627199999,69.20946887,2835,8094179.00000000,38.58278819,0
2017-12-18 20:00:00,0.00000487,0.00000495,0.00000442,0.00000458,9937329.00000000,1513630799999,46.95113965,2034,3968639.00000000,18.85728015,0
2017-12-18 21:00:00,0.00000458,0.00000475,0.00000450,0.00000474,5247042.00000000,1513634399999,24.49351058,1071,2680044.00000000,12.54514232,0
2017-12-18 22:00:00,0.00000474,0.00000474,0.00000431,0.00000437,6332068.00000000,1513637999999,28.62974018,1053,2383951.00000000,10.82888578,0
2017-12-18 23:00:00,0.00000438,0.00000460,0.00000420,0.00000440,8421072.00000000,1513641599999,36.87586324,1102,3442329.00000000,15.09442002,0
2017-12-19 00:00:00,0.00000440,0.00000455,0.00000429,0.00000443,5084704.00000000,1513645199999,22.33631209,894,2678032.00000000,11.82261454,0
2017-12-19 01:00:00,0.00000443,0.00000445,0.00000412,0.00000417,9012453.00000000,1513648799999,38.75320510,919,3521403.00000000,15.21605824,0
2017-12-19 02:00:00,0.00000417,0.00000438,0.00000405,0.00000423,8308311.00000000,1513652399999,35.18976448,1158,3915153.00000000,16.68409597,0
2017-12-19 03:00:00,0.00000423,0.00000436,0.00000405,0.00000411,9686760.00000000,1513655999999,40.19872332,1153,3880130.00000000,16.19593444,0
2017-12-19 04:00:00,0.00000411,0.00000430,0.00000405,0.00000415,9517985.00000000,1513659599999,39.52691295,1375,3928438.00000000,16.38231268,0
2017-12-19 05:00:00,0.00000417,0.00000427,0.00000412,0.00000418,6391377.00000000,1513663199999,26.69688406,980,3007718.00000000,12.59415870,0
2017-12-19 06:00:00,0.00000419,0.00000422,0.00000403,0.00000405,7744802.00000000,1513666799999,31.94431400,1070,2342245.00000000,9.67576029,0
2017-12-19 07:00:00,0.00000405,0.00000419,0.00000382,0.00000406,10835984.00000000,1513670399999,43.06172866,1419,4442489.00000000,17.75670258,0
2017-12-19 08:00:00,0.00000406,0.00000410,0.00000399,0.00000401,5422788.00000000,1513673999999,21.88032185,709,1973027.00000000,7.96698608,0
2017-12-19 09:00:00,0.00000400,0.00000400,0.00000380,0.00000385,7177627.00000000,1513677599999,27.82545231,999,2325301.00000000,9.05124063,0
2017-12-19 10:00:00,0.00000385,0.00000399,0.00000362,0.00000371,10182292.00000000,1513681199999,38.35180221,1144,2601711.00000000,9.95259480,0
2017-12-19 11:00:00,0.00000371,0.00000394,0.00000371,0.00000375,4703942.00000000,1513684799999,17.97321645,724,2516764.00000000,9.66566261,0
2017-12-19 12:00:00,0.00000375,0.00000419,0.00000375,0.00000419,7168674.00000000,1513688399999,28.93354634,801,3697955.00000000,14.95042045,0
2017-12-19 13:00:00,0.00000415,0.00000426,0.00000393,0.00000407,5160739.00000000,1513691999999,21.26601137,763,2661813.00000000,11.00174939,0
2017-12-19 14:00:00,0.00000407,0.00000422,0.00000400,0.00000406,4255582.00000000,1513695599999,17.48549368,728,1978412.00000000,8.13691923,0
2017-12-19 15:00:00,0.00000407,0.00000412,0.00000382,0.00000399,6743197.00000000,1513699199999,26.85796649,823,2380482.00000000,9.55333609,0
2017-12-19 16:00:00,0.00000400,0.00000428,0.00000396,0.00000408,6399657.00000000,1513702799999,26.48591288,924,3204491.00000000,13.28337432,0
2017-12-19 17:00:00,0.00000407,0.00000418,0.00000395,0.00000400,6388643.00000000,1513706399999,25.79668068,934,2778218.00000000,11.25372862,0
2017-12-19 18:00:00,0.00000399,0.00000408,0.00000396,0.00000399,3473018.00000000,1513709999999,13.93022152,620,1316992.00000000,5.28857259,0
2017-12-19 19:00:00,0.00000399,0.00000420,0.00000399,0.00000412,5407061.00000000,1513713599999,22.24121642,757,3544735.00000000,14.60552710,0
2017-12-19 20:00:00,0.00000413,0.00000415,0.00000405,0.00000406,2477139.00000000,1513717199999,10.20041670,528,1071821.00000000,4.42186402,0
2017-12-19 21:00:00,0.00000408,0.00000414,0.00000385,0.00000386,5383930.00000000,1513720799999,21.53208554,711,1849822.00000000,7.42168898,0
2017-12-19 22:00:00,0.00000386,0.00000406,0.00000358,0.00000380,13436534.00000000,1513724399999,51.00412749,1098,3641932.00000000,14.10253976,0
2017-12-19 23:00:00,0.00000379,0.00000389,0.00000354,0.00000379,11217981.00000000,1513727999999,41.89864034,947,3363796.00000000,12.62593100,0
2017-12-20 00:00:00,0.00000379,0.00000384,0.00000302,0.00000340,23177844.00000000,1513731599999,78.09349492,1625,6870029.00000000,23.13993377,0
2017-12-20 01:00:00,0.00000340,0.00000365,0.00000309,0.00000327,17444474.00000000,1513735199999,57.83548573,1230,6993706.00000000,23.35414992,0
2017-12-20 02:00:00,0.00000328,0.00000363,0.00000320,0.00000354,9421390.00000000,1513738799999,31.76485059,835,3853007.00000000,13.17742177,0
2017-12-20 03:00:00,0.00000354,0.00000385,0.00000344,0.00000365,5460906.00000000,1513742399999,19.93193971,816,2580480.00000000,9.47145688,0
2017-12-20 04:00:00,0.00000367,0.00000367,0.00000320,0.00000357,5390644.00000000,1513745999999,18.79482192,587,1837172.00000000,6.52098529,0
2017-12-20 05:00:00,0.00000357,0.00000376,0.00000341,0.00000351,4984191.00000000,1513749599999,17.96336139,568,1842992.00000000,6.75079600,0
2017-12-20 06:00:00,0.00000352,0.00000361,0.00000331,0.00000343,5925908.00000000,1513753199999,20.48586950,694,2498478.00000000,8.70610802,0
2017-12-20 07:00:00,0.00000343,0.00000361,0.00000341,0.00000357,4188003.00000000,1513756799999,14.77396864,451,1717281.00000000,6.05194695,0
2017-12-20 08:00:00,0.00000357,0.00000369,0.00000354,0.00000360,2066716.00000000,1513760399999,7.45395873,382,815695.00000000,2.94708112,0
2017-12-20 09:00:00,0.00000360,0.00000370,0.00000355,0.00000358,2197682.00000000,1513763999999,8.01321502,351,1210491.00000000,4.42814595,0
2017-12-20 10:00:00,0.00000356,0.00000370,0.00000348,0.00000360,4500657.00000000,1513767599999,16.12183980,553,1944471.00000000,6.96256216,0
2017-12-20 11:00:00,0.00000360,0.00000365,0.00000334,0.00000334,4333136.00000000,1513771199999,15.10563491,758,1912992.00000000,6.69815837,0
2017-12-20 12:00:00,0.00000334,0.00000365,0.00000330,0.00000355,7509919.00000000,1513774799999,26.20678429,1030,4078181.00000000,14.25154155,0
2017-12-20 13:00:00,0.00000358,0.00000364,0.00000345,0.00000347,6067757.00000000,1513778399999,21.36834475,853,3635020.00000000,12.80710835,0
2017-12-20 14:00:00,0.00000347,0.00000363,0.00000345,0.00000360,5274652.00000000,1513781999999,18.81439353,689,3144669.00000000,11.23821776,0
2017-12-20 15:00:00,0.00000358,0.00000406,0.00000356,0.00000388,12379215.00000000,1513785599999,47.89760941,1324,6921361.00000000,26.69831600,0
2017-12-20 16:00:00,0.00000388,0.00000410,0.00000361,0.00000366,9719954.00000000,1513789199999,37.11609485,1004,4254786.00000000,16.48522359,0
2017-12-20 17:00:00,0.00000367,0.00000380,0.00000364,0.00000369,3580662.00000000,1513792799999,13.41148088,397,2090164.00000000,7.83854129,0
2017-12-20 18:00:00,0.00000369,0.00000395,0.00000365,0.00000384,3532019.00000000,1513796399999,13.31949064,496,2131569.00000000,8.07699609,0
2017-12-20 19:00:00,0.00000384,0.00000391,0.00000366,0.00000385,3083684.00000000,1513799999999,11.79034342,423,1396411.00000000,5.36274811,0
2017-12-20 20:00:00,0.00000385,0.00000400,0.00000376,0.00000392,3260369.00000000,1513803599999,12.72332580,545,1763817.00000000,6.91610740,0
2017-12-20 21:00:00,0.00000392,0.00000414,0.00000372,0.00000397,5420892.00000000,1513807199999,21.47877411,830,3308802.00000000,13.21726883,0
2017-12-20 22:00:00,0.00000397,0.00000403,0.00000387,0.00000394,2876638.00000000,1513810799999,11.37711897,467,1227687.00000000,4.86989523,0
2017-12-20 23:00:00,0.00000394,0.00000394,0.00000360,0.00000365,4529004.00000000,1513814399999,16.96419120,586,1253159.00000000,4.76529676,0
2017-12-21 00:00:00,0.00000367,0.00000390,0.00000365,0.00000385,2914544.00000000,1513817999999,11.02282638,455,1144841.00000000,4.35477493,0
2017-12-21 01:00:00,0.00000385,0.00000393,0.00000368,0.00000392,3788637.00000000,1513821599999,14.35483872,627,1917669.00000000,7.30587837,0
2017-12-21 02:00:00,0.00000392,0.00000425,0.00000388,0.00000416,7228274.00000000,1513825199999,29.48212695,1046,4329894.00000000,17.64944230,0
2017-12-21 03:00:00,0.00000415,0.00000444,0.00000396,0.00000410,10915635.00000000,1513828799999,45.87006468,1349,5461901.00000000,23.05422015,0
2017-12-21 04:00:00,0.00000412,0.00000444,0.00000404,0.00000440,8548700.00000000,1513832399999,36.90614726,1196,4214998.00000000,18.24172456,0
2017-12-21 05:00:00,0.00000439,0.00000482,0.00000436,0.00000446,18631459.00000000,1513835999999,85.48692719,1892,10168619.00000000,46.84424119,0
2017-12-21 06:00:00,0.00000446,0.00000448,0.00000398,0.00000431,8146899.00000000,1513839599999,34.58467800,1054,3486177.00000000,14.77345945,0
2017-12-21 07:00:00,0.00000432,0.00000437,0.00000407,0.00000415,5795061.00000000,1513843199999,24.26226843,741,2212710.00000000,9.27823344,0
2017-12-21 08:00:00,0.00000415,0.00000425,0.00000402,0.00000402,4360940.00000000,1513846799999,17.90740160,579,1549633.00000000,6.37449790,0
2017-12-21 09:00:00,0.00000402,0.00000424,0.00000395,0.00000415,3866759.00000000,1513850399999,15.83577311,662,1551316.00000000,6.40545214,0
2017-12-21 10:00:00,0.00000415,0.00000428,0.00000402,0.00000414,3819978.00000000,1513853999999,15.66882666,562,1435488.00000000,5.95118823,0
2017-12-21 11:00:00,0.00000414,0.00000420,0.00000405,0.00000417,3183969.00000000,1513857599999,13.18848206,499,1188767.00000000,4.95711743,0
2017-12-21 12:00:00,0.00000417,0.00000418,0.00000407,0.00000414,3415665.00000000,1513861199999,14.07752641,509,826724.00000000,3.41180946,0
2017-12-21 13:00:00,0.00000414,0.00000422,0.00000411,0.00000417,4268123.00000000,1513864799999,17.79573858,538,2398625.00000000,10.01340852,0
2017-12-21 14:00:00,0.00000417,0.00000417,0.00000389,0.00000390,6129136.00000000,1513868399999,24.68394911,892,1619249.00000000,6.57033875,0
2017-12-21 15:00:00,0.00000393,0.00000402,0.00000370,0.00000388,6891761.00000000,1513871999999,26.66320745,933,2587395.00000000,10.06548396,0
2017-12-21 16:00:00,0.00000388,0.00000398,0.00000376,0.00000394,4191719.00000000,1513875599999,16.24711501,540,2329208.00000000,9.07455875,0
2017-12-21 17:00:00,0.00000396,0.00000415,0.00000386,0.00000396,2805345.00000000,1513879199999,11.15895653,480,1386791.00000000,5.54266066,0
2017-12-21 18:00:00,0.00000395,0.00000413,0.00000392,0.00000410,3027152.00000000,1513882799999,12.10354758,555,1683793.00000000,6.72586807,0
2017-12-21 19:00:00,0.00000412,0.00000430,0.00000402,0.00000416,3919875.00000000,1513886399999,16.26988805,608,2423185.00000000,10.09076200,0
2017-12-21 20:00:00,0.00000417,0.00000419,0.00000402,0.00000406,2552507.00000000,1513889999999,10.44819971,414,1059106.00000000,4.34402640,0
2017-12-21 21:00:00,0.00000406,0.00000416,0.00000400,0.00000412,4076114.00000000,1513893599999,16.49181149,454,2601938.00000000,10.53291830,0
2017-12-21 22:00:00,0.00000414,0.00000437,0.00000410,0.00000437,4295687.00000000,1513897199999,18.25792015,660,2565603.00000000,10.92019694,0
2017-12-21 23:00:00,0.00000437,0.00000447,0.00000425,0.00000430,5067965.00000000,1513900799999,22.10360602,715,2354808.00000000,10.28912774,0
2017-12-22 00:00:00,0.00000432,0.00000438,0.00000422,0.00000432,2947362.00000000,1513904399999,12.67805008,500,1427239.00000000,6.15109308,0
2017-12-22 01:00:00,0.00000428,0.00000432,0.00000405,0.00000411,4199747.00000000,1513907999999,17.48235896,563,1814754.00000000,7.57692424,0
2017-12-22 02:00:00,0.00000405,0.00000413,0.00000382,0.00000388,5088777.00000000,1513911599999,20.25248431,565,1329001.00000000,5.33940839,0
2017-12-22 03:00:00,0.00000388,0.00000388,0.00000359,0.00000363,6088919.00000000,1513915199999,22.76939862,626,1897018.00000000,7.13835873,0
2017-12-22 04:00:00,0.00000362,0.00000403,0.00000361,0.00000392,4218160.00000000,1513918799999,16.33115851,550,2073329.00000000,8.05827299,0
2017-12-22 05:00:00,0.00000392,0.00000405,0.00000391,0.00000398,2345108.00000000,1513922399999,9.27612407,316,1075404.00000000,4.27156914,0
2017-12-22 06:00:00,0.00000398,0.00000400,0.00000375,0.00000386,1715505.00000000,1513925999999,6.66169540,296,511495.00000000,1.98465595,0
2017-12-22 07:00:00,0.00000386,0.00000387,0.00000335,0.00000347,7162749.00000000,1513929599999,25.29714972,676,1652003.00000000,5.79235756,0
2017-12-22 08:00:00,0.00000347,0.00000363,0.00000331,0.00000355,2642605.00000000,1513933199999,9.10574107,385,1521585.00000000,5.26104692,0
2017-12-22 09:00:00,0.00000356,0.00000383,0.00000347,0.00000370,2380654.00000000,1513936799999,8.72306118,351,1303811.00000000,4.79627003,0
2017-12-22 10:00:00,0.00000368,0.00000388,0.00000368,0.00000374,2873311.00000000,1513940399999,10.81821022,321,1590286.00000000,5.99461572,0
2017-12-22 11:00:00,0.00000372,0.00000382,0.00000359,0.00000362,1615790.00000000,1513943999999,5.99603619,257,952361.00000000,3.54075015,0
2017-12-22 12:00:00,0.00000362,0.00000378,0.00000356,0.00000361,2237041.00000000,1513947599999,8.12462658,245,839576.00000000,3.07639566,0
2017-12-22 13:00:00,0.00000360,0.00000365,0.00000335,0.00000339,2528302.00000000,1513951199999,8.77310755,370,1044305.00000000,3.60760579,0
2017-12-22 14:00:00,0.00000339,0.00000339,0.00000301,0.00000320,7505143.00000000,1513954799999,23.85035973,646,2600387.00000000,8.32215347,0
2017-12-22 15:00:00,0.00000323,0.00000354,0.00000320,0.00000341,3480299.00000000,1513958399999,11.88098482,504,2268418.00000000,7.77651226,0
2017-12-22 16:00:00,0.00000341,0.00000353,0.00000313,0.00000344,3042489.00000000,1513961999999,10.35607590,413,1323268.00000000,4.55937486,0
2017-12-22 17:00:00,0.00000345,0.00000352,0.00000323,0.00000347,1632026.00000000,1513965599999,5.59734154,337,686583.00000000,2.36857322,0
2017-12-22 18:00:00,0.00000347,0.00000359,0.00000340,0.00000358,1727141.00000000,1513969199999,6.08780002,293,855754.00000000,3.03495934,0
2017-12-22 19:00:00,0.00000359,0.00000375,0.00000354,0.00000369,1681171.00000000,1513972799999,6.17664225,289,1090663.00000000,4.01966540,0
2017-12-22 20:00:00,0.00000374,0.00000375,0.00000362,0.00000362,1535182.00000000,1513976399999,5.71176635,235,1049319.00000000,3.91827593,0
2017-12-22 21:00:00,0.00000365,0.00000376,0.00000362,0.00000370,1647816.00000000,1513979999999,6.14293347,317,853893.00000000,3.18945602,0
2017-12-22 22:00:00,0.00000370,0.00000376,0.00000350,0.00000376,2651805.00000000,1513983599999,9.76118935,337,1638837.00000000,6.07660248,0
2017-12-22 23:00:00,0.00000376,0.00000410,0.00000369,0.00000392,4447912.00000000,1513987199999,17.62212237,542,1619308.00000000,6.41605740,0
2017-12-23 00:00:00,0.00000391,0.00000400,0.00000380,0.00000380,1062378.00000000,1513990799999,4.14082704,231,498329.00000000,1.95468858,0
2017-12-23 01:00:00,0.00000381,0.00000389,0.00000370,0.00000380,2151602.00000000,1513994399999,8.10384673,358,1093446.00000000,4.12048629,0
2017-12-23 02:00:00,0.00000380,0.00000384,0.00000356,0.00000383,4559243.00000000,1513997999999,16.66795542,475,1807799.00000000,6.62484406,0
2017-12-23 03:00:00,0.00000383,0.00000401,0.00000383,0.00000391,4247069.00000000,1514001599999,16.66439075,457,1444092.00000000,5.70277249,0
2017-12-23 04:00:00,0.00000391,0.00000394,0.00000385,0.00000391,1332592.00000000,1514005199999,5.18810507,200,323091.00000000,1.26623238,0
2017-12-23 05:00:00,0.00000387,0.00000390,0.00000375,0.00000384,1786305.00000000,1514008799999,6.81489220,271,340615.00000000,1.30565328,0
2017-12-23 06:00:00,0.00000380,0.00000392,0.00000370,0.00000379,1563258.00000000,1514012399999,5.93481098,235,474506.00000000,1.81115688,0
2017-12-23 07:00:00,0.00000379,0.00000392,0.00000375,0.00000389,2614397.00000000,1514015999999,10.00128955,305,1124996.00000000,4.33794300,0
2017-12-23 08:00:00,0.00000389,0.00000389,0.00000375,0.00000385,2188970.00000000,1514019599999,8.36173455,259,629787.00000000,2.43194998,0
2017-12-23 09:00:00,0.00000385,0.00000392,0.00000382,0.00000392,1088274.00000000,1514023199999,4.20828088,246,649324.00000000,2.51505769,0
2017-12-23 10:00:00,0.00000392,0.00000405,0.00000392,0.00000397,2335844.00000000,1514026799999,9.31909744,399,1388506.00000000,5.54944328,0
2017-12-23 11:00:00,0.00000397,0.00000400,0.00000387,0.00000391,2436126.00000000,1514030399999,9.61021128,456,1119239.00000000,4.43584646,0
2017-12-23 12:00:00,0.00000391,0.00000394,0.00000368,0.00000385,3083444.00000000,1514033999999,11.81194229,403,866959.00000000,3.37879260,0
2017-12-23 13:00:00,0.00000385,0.00000392,0.00000373,0.00000384,2634387.00000000,1514037599999,10.07913761,426,1234105.00000000,4.73469171,0
2017-12-23 14:00:00,0.00000384,0.00000404,0.00000384,0.00000398,3803903.00000000,1514041199999,15.06503863,619,2507199.00000000,9.94876607,0
2017-12-23 15:00:00,0.00000398,0.00000418,0.00000391,0.00000415,5566117.00000000,1514044799999,22.55785576,897,2590042.00000000,10.48311678,0
2017-12-23 16:00:00,0.00000416,0.00000417,0.00000400,0.00000412,3990376.00000000,1514048399999,16.35857286,574,1144917.00000000,4.71161102,0
2017-12-23 17:00:00,0.00000413,0.00000445,0.00000400,0.00000444,6415700.00000000,1514051999999,27.05187123,963,3736781.00000000,15.88050524,0
2017-12-23 18:00:00,0.00000444,0.00000455,0.00000428,0.00000441,6693997.00000000,1514055599999,29.79667109,1109,3973531.00000000,17.71029501,0
2017-12-23 19:00:00,0.00000442,0.00000465,0.00000439,0.00000465,5575335.00000000,1514059199999,25.31911396,986,2999395.00000000,13.64700951,0
2017-12-23 20:00:00,0.00000462,0.00000490,0.00000445,0.00000469,7745536.00000000,1514062799999,36.79275602,1231,4474148.00000000,21.31048263,0
2017-12-23 21:00:00,0.00000469,0.00000520,0.00000465,0.00000490,18904757.00000000,1514066399999,94.43187339,2060,7693949.00000000,38.54712112,0
2017-12-23 22:00:00,0.00000490,0.00000518,0.00000469,0.00000509,8964374.00000000,1514069999999,44.52092755,1472,4684896.00000000,23.33126315,0
2017-12-23 23:00:00,0.00000509,0.00000511,0.00000452,0.00000459,7077843.00000000,1514073599999,34.31745794,1206,3057248.00000000,14.88450462,0
2017-12-24 00:00:00,0.00000459,0.00000476,0.00000431,0.00000464,7842096.00000000,1514077199999,35.29250554,1074,4063803.00000000,18.32132159,0
2017-12-24 01:00:00,0.00000462,0.00000485,0.00000430,0.00000440,5280500.00000000,1514080799999,24.23483664,906,1960534.00000000,9.05257127,0
2017-12-24 02:00:00,0.00000440,0.00000445,0.00000419,0.00000427,4706939.00000000,1514084399999,20.26971209,705,1582675.00000000,6.84050019,0
2017-12-24 03:00:00,0.00000425,0.00000457,0.00000420,0.00000448,3337980.00000000,1514087999999,14.53559013,642,2135065.00000000,9.28186380,0
2017-12-24 04:00:00,0.00000448,0.00000466,0.00000440,0.00000452,2214095.00000000,1514091599999,10.08900136,471,972934.00000000,4.44982856,0
2017-12-24 05:00:00,0.00000452,0.00000466,0.00000426,0.00000454,4236900.00000000,1514095199999,18.69731289,619,2340045.00000000,10.35388979,0
2017-12-24 06:00:00,0.00000448,0.00000492,0.00000442,0.00000479,5511307.00000000,1514098799999,25.95820938,1016,2776566.00000000,13.11086032,0
2017-12-24 07:00:00,0.00000478,0.00000480,0.00000433,0.00000444,4163260.00000000,1514102399999,18.80408383,709,1836068.00000000,8.31825262,0
2017-12-24 08:00:00,0.00000447,0.00000449,0.00000428,0.00000441,3431039.00000000,1514105999999,15.04651149,587,1055447.00000000,4.67480197,0
2017-12-24 09:00:00,0.00000441,0.00000450,0.00000434,0.00000439,2190173.00000000,1514109599999,9.67962713,362,774715.00000000,3.42976144,0
2017-12-24 10:00:00,0.00000439,0.00000441,0.00000423,0.00000436,3517300.00000000,1514113199999,15.15775539,552,1725832.00000000,7.44550243,0
2017-12-24 11:00:00,0.00000435,0.00000443,0.00000400,0.00000409,5337939.00000000,1514116799999,22.06738460,700,1600603.00000000,6.67743182,0
2017-12-24 12:00:00,0.00000409,0.00000427,0.00000404,0.00000425,2629272.00000000,1514120399999,10.87511990,458,1522441.00000000,6.30284085,0
2017-12-24 13:00:00,0.00000425,0.00000454,0.00000425,0.00000442,2856536.00000000,1514123999999,12.59535813,590,1331286.00000000,5.85040520,0
2017-12-24 14:00:00,0.00000442,0.00000450,0.00000428,0.00000442,2088840.00000000,1514127599999,9.10648525,359,889926.00000000,3.89030284,0
2017-12-24 15:00:00,0.00000442,0.00000450,0.00000434,0.00000441,1464900.00000000,1514131199999,6.46415102,331,777733.00000000,3.43095890,0
2017-12-24 16:00:00,0.00000441,0.00000449,0.00000435,0.00000448,2527199.00000000,1514134799999,11.11064234,524,833902.00000000,3.68104271,0
2017-12-24 17:00:00,0.00000448,0.00000459,0.00000439,0.00000456,2290895.00000000,1514138399999,10.34720179,506,903510.00000000,4.08598497,0
2017-12-24 18:00:00,0.00000456,0.00000457,0.00000438,0.00000448,1379998.00000000,1514141999999,6.16659185,311,589358.00000000,2.64103912,0
2017-12-24 19:00:00,0.00000448,0.00000457,0.00000443,0.00000445,1297973.00000000,1514145599999,5.81545630,258,442435.00000000,1.98698964,0
2017-12-24 20:00:00,0.00000445,0.00000466,0.00000436,0.00000456,1726261.00000000,1514149199999,7.77779201,433,841460.00000000,3.83736033,0
2017-12-24 21:00:00,0.00000458,0.00000468,0.00000454,0.00000466,957645.00000000,1514152799999,4.41665137,256,584592.00000000,2.70061254,0
2017-12-24 22:00:00,0.00000466,0.00000467,0.00000451,0.00000451,1425712.00000000,1514156399999,6.55500715,285,413956.00000000,1.90792286,0
2017-12-24 23:00:00,0.00000454,0.00000454,0.00000439,0.00000443,1763384.00000000,1514159999999,7.82805128,346,512517.00000000,2.28267483,0
2017-12-25 00:00:00,0.00000446,0.00000449,0.00000434,0.00000439,1915447.00000000,1514163599999,8.48364807,429,730386.00000000,3.25180895,0
2017-12-25 01:00:00,0.00000439,0.00000450,0.00000424,0.00000443,2111315.00000000,1514167199999,9.15431732,347,915444.00000000,4.00348964,0
2017-12-25 02:00:00,0.00000444,0.00000450,0.00000434,0.00000435,2118889.00000000,1514170799999,9.33772954,360,865368.00000000,3.81663024,0
2017-12-25 03:00:00,0.00000437,0.00000439,0.00000428,0.00000436,1598546.00000000,1514174399999,6.91029268,370,694607.00000000,3.00934725,0
2017-12-25 04:00:00,0.00000436,0.00000454,0.00000430,0.00000444,2705906.00000000,1514177999999,11.95410656,481,1542151.00000000,6.81031710,0
2017-12-25 05:00:00,0.00000444,0.00000458,0.00000430,0.00000446,2190591.00000000,1514181599999,9.76735115,354,1176955.00000000,5.26506623,0
2017-12-25 06:00:00,0.00000446,0.00000450,0.00000435,0.00000440,1593598.00000000,1514185199999,7.01682238,317,438549.00000000,1.94029884,0
2017-12-25 07:00:00,0.00000440,0.00000447,0.00000435,0.00000442,1897036.00000000,1514188799999,8.35457640,299,791192.00000000,3.49674827,0
2017-12-25 08:00:00,0.00000438,0.00000444,0.00000435,0.00000436,1509505.00000000,1514192399999,6.59914670,322,297928.00000000,1.30764176,0
2017-12-25 09:00:00,0.00000435,0.00000440,0.00000432,0.00000435,1576128.00000000,1514195999999,6.85697898,368,606542.00000000,2.64521085,0
2017-12-25 10:00:00,0.00000435,0.00000461,0.00000432,0.00000458,2139341.00000000,1514199599999,9.57917624,539,1350637.00000000,6.07003987,0
2017-12-25 11:00:00,0.00000458,0.00000459,0.00000438,0.00000456,1984072.00000000,1514203199999,8.82815274,372,848829.00000000,3.80258271,0
2017-12-25 12:00:00,0.00000454,0.00000490,0.00000453,0.00000482,5429393.00000000,1514206799999,25.77534753,842,2917725.00000000,13.80683444,0
2017-12-25 13:00:00,0.00000483,0.00000505,0.00000476,0.00000505,4288081.00000000,1514210399999,20.96642245,693,2305006.00000000,11.37050656,0
2017-12-25 14:00:00,0.00000505,0.00000525,0.00000492,0.00000500,13989316.00000000,1514213999999,71.70157427,1491,6781271.00000000,34.86779542,0
2017-12-25 15:00:00,0.00000500,0.00000521,0.00000483,0.00000521,5903204.00000000,1514217599999,29.50991670,994,2269437.00000000,11.40367040,0
2017-12-25 16:00:00,0.00000521,0.00000521,0.00000492,0.00000512,3191416.00000000,1514221199999,16.20590033,639,1645782.00000000,8.36926358,0
2017-12-25 17:00:00,0.00000510,0.00000520,0.00000505,0.00000518,2223088.00000000,1514224799999,11.36491443,451,1109906.00000000,5.68442081,0
2017-12-25 18:00:00,0.00000519,0.00000583,0.00000518,0.00000554,11931325.00000000,1514228399999,66.44512886,1815,7073594.00000000,39.34695915,0
2017-12-25 19:00:00,0.00000560,0.00000560,0.00000540,0.00000551,3989740.00000000,1514231999999,21.94117058,902,1833739.00000000,10.12031655,0
2017-12-25 20:00:00,0.00000551,0.00000573,0.00000541,0.00000550,3944481.00000000,1514235599999,22.06351441,848,2154475.00000000,12.11245907,0
2017-12-25 21:00:00,0.00000550,0.00000571,0.00000542,0.00000558,2136616.00000000,1514239199999,11.85917099,684,1093884.00000000,6.08090685,0
2017-12-25 22:00:00,0.00000558,0.00000565,0.00000525,0.00000531,3495875.00000000,1514242799999,19.17001650,681,1784063.00000000,9.85623578,0
2017-12-25 23:00:00,0.00000531,0.00000540,0.00000514,0.00000518,4278221.00000000,1514246399999,22.46781799,862,2190269.00000000,11.51551614,0
2017-12-26 00:00:00,0.00000518,0.00000571,0.00000516,0.00000564,4608214.00000000,1514249999999,24.97666662,832,2387362.00000000,12.94269710,0
2017-12-26 01:00:00,0.00000562,0.00000692,0.00000561,0.00000638,25450633.00000000,1514253599999,162.27117824,3786,12788081.00000000,80.97058652,0
2017-12-26 02:00:00,0.00000635,0.00000661,0.00000603,0.00000621,8892353.00000000,1514257199999,55.53291872,1799,3858041.00000000,24.17140417,0
2017-12-26 03:00:00,0.00000624,0.00000666,0.00000620,0.00000638,8288580.00000000,1514260799999,53.36507573,1860,4302246.00000000,27.73598432,0
2017-12-26 04:00:00,0.00000638,0.00000648,0.00000531,0.00000544,14218117.00000000,1514264399999,82.45439917,2063,6422184.00000000,37.26373565,0
2017-12-26 05:00:00,0.00000544,0.00000584,0.00000480,0.00000529,16559167.00000000,1514267999999,84.93700492,2031,6222976.00000000,32.18875464,0
2017-12-26 06:00:00,0.00000529,0.00000553,0.00000486,0.00000500,7357048.00000000,1514271599999,38.36148787,1067,3314198.00000000,17.34127274,0
2017-12-26 07:00:00,0.00000499,0.00000540,0.00000495,0.00000536,6934666.00000000,1514275199999,36.27672411,981,4195999.00000000,21.99152664,0
2017-12-26 08:00:00,0.00000538,0.00000598,0.00000537,0.00000581,10042593.00000000,1514278799999,57.40991147,1790,5464662.00000000,31.34540565,0
2017-12-26 09:00:00,0.00000581,0.00000610,0.00000560,0.00000575,7388808.00000000,1514282399999,43.40717244,1268,3738121.00000000,22.05317795,0
2017-12-26 10:00:00,0.00000574,0.00000601,0.00000558,0.00000589,5863673.00000000,1514285999999,34.38010500,1178,2817028.00000000,16.53641123,0
2017-12-26 11:00:00,0.00000589,0.00000609,0.00000577,0.00000586,6335416.00000000,1514289599999,37.68983181,1096,2802364.00000000,16.67421644,0
2017-12-26 12:00:00,0.00000586,0.00000590,0.00000548,0.00000555,5243935.00000000,1514293199999,29.55614574,1139,1508447.00000000,8.52852165,0
2017-12-26 13:00:00,0.00000555,0.00000580,0.00000535,0.00000571,5247391.00000000,1514296799999,29.09377541,1098,2791460.00000000,15.53603620,0
2017-12-26 14:00:00,0.00000571,0.00000574,0.00000480,0.00000480,10577293.00000000,1514300399999,54.84849520,1470,2273072.00000000,11.89224687,0
2017-12-26 15:00:00,0.00000480,0.00000520,0.00000475,0.00000510,6328859.00000000,1514303999999,31.67989004,1026,2534453.00000000,12.71307227,0
2017-12-26 16:00:00,0.00000510,0.00000512,0.00000469,0.00000479,4724354.00000000,1514307599999,23.04667051,896,1655160.00000000,8.08612778,0
2017-12-26 17:00:00,0.00000480,0.00000510,0.00000472,0.00000505,3533543.00000000,1514311199999,17.27850296,661,1863571.00000000,9.16238859,0
2017-12-26 18:00:00,0.00000505,0.00000530,0.00000502,0.00000502,3090532.00000000,1514314799999,15.89215685,724,1672156.00000000,8.62114958,0
2017-12-26 19:00:00,0.00000507,0.00000515,0.00000476,0.00000481,3282105.00000000,1514318399999,16.17054950,681,1020163.00000000,5.07433929,0
2017-12-26 20:00:00,0.00000481,0.00000507,0.00000464,0.00000489,4112629.00000000,1514321999999,19.50117182,739,2084874.00000000,9.92872625,0
2017-12-26 21:00:00,0.00000488,0.00000509,0.00000480,0.00000506,3713014.00000000,1514325599999,18.39961206,783,2104169.00000000,10.42824522,0
2017-12-26 22:00:00,0.00000504,0.00000516,0.00000471,0.00000511,3451474.00000000,1514329199999,17.40628797,737,1354950.00000000,6.89227209,0
2017-12-26 23:00:00,0.00000510,0.00000565,0.00000500,0.00000547,5169767.00000000,1514332799999,27.70610628,944,3287118.00000000,17.63534962,0
2017-12-27 00:00:00,0.00000548,0.00000554,0.00000500,0.00000519,5905805.00000000,1514336399999,31.30791522,1104,2713122.00000000,14.42495355,0
2017-12-27 01:00:00,0.00000519,0.00000519,0.00000491,0.00000495,3952569.00000000,1514339999999,19.81238577,782,1507427.00000000,7.56120994,0
2017-12-27 02:00:00,0.00000496,0.00000520,0.00000490,0.00000501,3658216.00000000,1514343599999,18.35274547,616,1529668.00000000,7.70379232,0
2017-12-27 03:00:00,0.00000502,0.00000530,0.00000497,0.00000506,3239361.00000000,1514347199999,16.57348666,656,1290302.00000000,6.62690608,0
2017-12-27 04:00:00,0.00000508,0.00000508,0.00000475,0.00000480,3929395.00000000,1514350799999,19.18716483,761,1653014.00000000,8.08808085,0
2017-12-27 05:00:00,0.00000480,0.00000492,0.00000476,0.00000487,2489876.00000000,1514354399999,12.11906219,514,1151176.00000000,5.60949007,0
2017-12-27 06:00:00,0.00000490,0.00000491,0.00000470,0.00000480,3611514.00000000,1514357999999,17.20307053,557,1117184.00000000,5.32048412,0
2017-12-27 07:00:00,0.00000478,0.00000517,0.00000478,0.00000502,3732565.00000000,1514361599999,18.78434862,665,1944011.00000000,9.81294588,0
2017-12-27 08:00:00,0.00000502,0.00000534,0.00000495,0.00000509,3077919.00000000,1514365199999,15.71684362,558,946752.00000000,4.83385817,0
2017-12-27 09:00:00,0.00000513,0.00000530,0.00000501,0.00000517,1948572.00000000,1514368799999,10.10566104,434,738375.00000000,3.83855802,0
2017-12-27 10:00:00,0.00000517,0.00000522,0.00000501,0.00000519,2188639.00000000,1514372399999,11.23229452,484,978755.00000000,5.02629842,0
2017-12-27 11:00:00,0.00000519,0.00000555,0.00000502,0.00000531,5690737.00000000,1514375999999,30.33976637,976,3286643.00000000,17.60424125,0
2017-12-27 12:00:00,0.00000530,0.00000539,0.00000511,0.00000520,3352530.00000000,1514379599999,17.56702908,615,1309289.00000000,6.88362987,0
2017-12-27 13:00:00,0.00000521,0.00000527,0.00000510,0.00000510,2652603.00000000,1514383199999,13.71663187,610,1392865.00000000,7.22517455,0
2017-12-27 14:00:00,0.00000510,0.00000516,0.00000504,0.00000513,3504060.00000000,1514386799999,17.86002286,839,1705472.00000000,8.70287705,0
2017-12-27 15:00:00,0.00000511,0.00000525,0.00000507,0.00000513,3038353.00000000,1514390399999,15.60267060,641,1544152.00000000,7.93543249,0
2017-12-27 16:00:00,0.00000514,0.00000535,0.00000500,0.00000534,6123148.00000000,1514393999999,31.49471692,926,2073349.00000000,10.74087669,0
2017-12-27 17:00:00,0.00000530,0.00000537,0.00000513,0.00000518,2313795.00000000,1514397599999,12.09329011,594,1145752.00000000,6.00235970,0
2017-12-27 18:00:00,0.00000518,0.00000540,0.00000515,0.00000538,2577521.00000000,1514401199999,13.51933100,535,1734066.00000000,9.11065572,0
2017-12-27 19:00:00,0.00000538,0.00000553,0.00000520,0.00000521,3338784.00000000,1514404799999,17.93732325,771,1492442.00000000,8.07305914,0
2017-12-27 20:00:00,0.00000523,0.00000543,0.00000521,0.00000539,2260159.00000000,1514408399999,12.07313631,535,1280000.00000000,6.84741771,0
2017-12-27 21:00:00,0.00000537,0.00000539,0.00000512,0.00000522,3273908.00000000,1514411999999,17.12781117,594,1332806.00000000,6.99225942,0
2017-12-27 22:00:00,0.00000522,0.00000524,0.00000505,0.00000512,2080904.00000000,1514415599999,10.69598283,477,858472.00000000,4.42689233,0
2017-12-27 23:00:00,0.00000512,0.00000520,0.00000508,0.00000508,2652829.00000000,1514419199999,13.60969635,510,1095177.00000000,5.63141161,0
2017-12-28 00:00:00,0.00000508,0.00000539,0.00000503,0.00000530,3430334.00000000,1514422799999,17.76113803,654,1721644.00000000,8.97039664,0
2017-12-28 01:00:00,0.00000531,0.00000548,0.00000507,0.00000530,4345588.00000000,1514426399999,22.79542552,672,2594792.00000000,13.65258555,0
2017-12-28 02:00:00,0.00000530,0.00000545,0.00000481,0.00000503,5470009.00000000,1514429999999,27.80449813,843,1458747.00000000,7.48108104,0
2017-12-28 03:00:00,0.00000505,0.00000535,0.00000481,0.00000530,5450935.00000000,1514433599999,28.00437751,626,2439266.00000000,12.60072288,0
2017-12-28 04:00:00,0.00000530,0.00000550,0.00000496,0.00000542,6288635.00000000,1514437199999,33.13651823,761,3455007.00000000,18.29907235,0
2017-12-28 05:00:00,0.00000543,0.00000545,0.00000522,0.00000533,2923937.00000000,1514440799999,15.62344285,534,1273833.00000000,6.82997704,0
2017-12-28 06:00:00,0.00000530,0.00000538,0.00000514,0.00000514,2685154.00000000,1514444399999,14.12768316,462,1029207.00000000,5.44252226,0
2017-12-28 07:00:00,0.00000523,0.00000539,0.00000522,0.00000536,3190004.00000000,1514447999999,16.98475517,486,1802427.00000000,9.59618126,0
2017-12-28 08:00:00,0.00000536,0.00000560,0.00000530,0.00000559,4017983.00000000,1514451599999,21.96216532,664,2654093.00000000,14.54657571,0
2017-12-28 09:00:00,0.00000559,0.00000592,0.00000532,0.00000583,6888704.00000000,1514455199999,39.73185424,1189,3867144.00000000,22.45072425,0
2017-12-28 10:00:00,0.00000582,0.00000636,0.00000565,0.00000635,10297411.00000000,1514458799999,62.71264960,1854,5833545.00000000,35.50364811,0
2017-12-28 11:00:00,0.00000635,0.00000639,0.00000560,0.00000570,10943356.00000000,1514462399999,65.34402538,1525,3471663.00000000,20.61997263,0
2017-12-28 12:00:00,0.00000570,0.00000607,0.00000569,0.00000604,3416948.00000000,1514465999999,20.14446030,838,1675760.00000000,9.89099269,0
2017-12-28 13:00:00,0.00000604,0.00000620,0.00000591,0.00000602,4552428.00000000,1514469599999,27.59116946,1328,2312122.00000000,14.06996797,0
2017-12-28 14:00:00,0.00000605,0.00000609,0.00000568,0.00000582,3528329.00000000,1514473199999,20.72826398,910,1779876.00000000,10.46878273,0
2017-12-28 15:00:00,0.00000580,0.00000608,0.00000571,0.00000596,4436447.00000000,1514476799999,26.25229456,1062,2453309.00000000,14.55105062,0
2017-12-28 16:00:00,0.00000598,0.00000718,0.00000597,0.00000681,25886844.00000000,1514480399999,170.22911907,3763,14184299.00000000,92.54940420,0
2017-12-28 17:00:00,0.00000681,0.00000870,0.00000677,0.00000819,55250878.00000000,1514483999999,422.93658974,8518,29639574.00000000,227.85184484,0
2017-12-28 18:00:00,0.00000818,0.00000830,0.00000735,0.00000783,35834126.00000000,1514487599999,282.52713415,6368,17490414.00000000,138.36927485,0
2017-12-28 19:00:00,0.00000787,0.00000859,0.00000755,0.00000853,20710052.00000000,1514491199999,168.22764253,4244,11202359.00000000,91.35486795,0
2017-12-28 20:00:00,0.00000853,0.00000897,0.00000815,0.00000845,20785177.00000000,1514494799999,177.80950421,4810,9872934.00000000,84.45415863,0
2017-12-28 21:00:00,0.00000844,0.00000995,0.00000843,0.00000929,41385769.00000000,1514498399999,384.15509752,8420,21127907.00000000,196.16715066,0
2017-12-28 22:00:00,0.00000929,0.00000973,0.00000808,0.00000880,27955110.00000000,1514501999999,246.71535655,6159,12031775.00000000,106.61646894,0
2017-12-28 23:00:00,0.00000879,0.00000893,0.00000780,0.00000801,20988932.00000000,1514505599999,175.40163801,5279,8513008.00000000,71.22300970,0
2017-12-29 00:00:00,0.00000800,0.00000914,0.00000777,0.00000905,22046754.00000000,1514509199999,186.88175032,5074,11361388.00000000,97.04941595,0
2017-12-29 01:00:00,0.00000898,0.00000933,0.00000876,0.00000930,18832493.00000000,1514512799999,170.90871532,4267,9298882.00000000,84.57794648,0
2017-12-29 02:00:00,0.00000928,0.00000930,0.00000833,0.00000845,13708723.00000000,1514516399999,121.36733433,3706,5787448.00000000,51.20756227,0
2017-12-29 03:00:00,0.00000841,0.00000911,0.00000840,0.00000880,9523606.00000000,1514519999999,84.29460502,2869,4635013.00000000,40.98823882,0
2017-12-29 04:00:00,0.00000880,0.00000888,0.00000838,0.00000876,8354490.00000000,1514523599999,72.70101039,2547,4090333.00000000,35.65992719,0
2017-12-29 05:00:00,0.00000876,0.00000941,0.00000870,0.00000923,11599321.00000000,1514527199999,105.54443967,3356,6127951.00000000,55.86980617,0
2017-12-29 06:00:00,0.00000923,0.00001140,0.00000912,0.00001110,39663521.00000000,1514530799999,397.17021811,7852,23071376.00000000,231.98640998,0
2017-12-29 07:00:00,0.00001109,0.00001468,0.00001023,0.00001290,107851476.00000000,1514534399999,1316.72251455,19835,52253992.00000000,640.58363995,0
2017-12-29 08:00:00,0.00001292,0.00001299,0.00001080,0.00001133,71618510.00000000,1514537999999,847.88270982,13911,31537567.00000000,374.29869359,0
2017-12-29 09:00:00,0.00001135,0.00001399,0.00001132,0.00001270,57452234.00000000,1514541599999,729.87795741,11817,31088384.00000000,395.78432249,0
2017-12-29 10:00:00,0.00001270,0.00001342,0.00001120,0.00001162,36311387.00000000,1514545199999,453.20577250,8611,16561982.00000000,208.58089668,0
2017-12-29 11:00:00,0.00001161,0.00001320,0.00001119,0.00001262,26204543.00000000,1514548799999,318.52347788,6686,13327642.00000000,162.55182860,0
2017-12-29 12:00:00,0.00001262,0.00001308,0.00001185,0.00001260,16648589.00000000,1514552399999,207.99046705,5037,7794492.00000000,97.53380460,0
2017-12-29 13:00:00,0.00001259,0.00001339,0.00001217,0.00001315,19082043.00000000,1514555999999,244.21259701,5067,10782781.00000000,138.28899231,0
2017-12-29 14:00:00,0.00001317,0.00001492,0.00001309,0.00001373,60856687.00000000,1514559599999,857.95209272,13862,32052018.00000000,451.26065608,0
2017-12-29 15:00:00,0.00001365,0.00001630,0.00001315,0.00001588,35363673.00000000,1514563199999,513.73494708,9504,20712700.00000000,301.76325289,0
2017-12-29 16:00:00,0.00001580,0.00001826,0.00001510,0.00001627,101913225.00000000,1514566799999,1707.17047339,23640,50660344.00000000,851.27440193,0
2017-12-29 17:00:00,0.00001627,0.00001706,0.00001455,0.00001500,43443266.00000000,1514570399999,694.30522329,13872,18192807.00000000,292.82336340,0
2017-12-29 18:00:00,0.00001500,0.00001526,0.00001351,0.00001375,42970880.00000000,1514573999999,626.06783069,11814,19746916.00000000,288.62271668,0
2017-12-29 19:00:00,0.00001405,0.00001495,0.00001350,0.00001437,26068972.00000000,1514577599999,368.22905080,8264,12507560.00000000,177.06994499,0
2017-12-29 20:00:00,0.00001437,0.00001437,0.00001254,0.00001326,25429297.00000000,1514581199999,337.11668614,7886,10992000.00000000,145.71356743,0
2017-12-29 21:00:00,0.00001326,0.00001419,0.00001290,0.00001369,19490784.00000000,1514584799999,267.78783909,6851,8666054.00000000,119.31426991,0
2017-12-29 22:00:00,0.00001367,0.00001396,0.00001303,0.00001374,13488273.00000000,1514588399999,182.15872733,4832,6704553.00000000,90.85416050,0
2017-12-29 23:00:00,0.00001374,0.00001549,0.00001369,0.00001519,30246285.00000000,1514591999999,445.42565487,9056,16878734.00000000,248.67275387,0
2017-12-30 00:00:00,0.00001519,0.00001524,0.00001305,0.00001415,22163204.00000000,1514595599999,317.13679641,6987,9773797.00000000,139.89535713,0
2017-12-30 01:00:00,0.00001418,0.00001472,0.00001202,0.00001265,26449896.00000000,1514599199999,346.80032396,6607,11773351.00000000,154.84224231,0
2017-12-30 02:00:00,0.00001265,0.00001408,0.00001201,0.00001355,19618287.00000000,1514602799999,253.81228264,5229,10149826.00000000,132.27677706,0
2017-12-30 03:00:00,0.00001351,0.00001397,0.00001292,0.00001307,10376494.00000000,1514606399999,138.31356424,3475,4559862.00000000,60.79000059,0
2017-12-30 04:00:00,0.00001308,0.00001394,0.00001308,0.00001319,10243223.00000000,1514609999999,137.97966177,3194,5292062.00000000,71.32681458,0
2017-12-30 05:00:00,0.00001319,0.00001345,0.00001288,0.00001307,7765772.00000000,1514613599999,101.48585213,2830,3826016.00000000,50.05066428,0
2017-12-30 06:00:00,0.00001310,0.00001313,0.00001269,0.00001284,5870171.00000000,1514617199999,75.82101219,2067,2616121.00000000,33.79630916,0
2017-12-30 07:00:00,0.00001284,0.00001347,0.00001282,0.00001310,9491359.00000000,1514620799999,124.04138712,2676,4211780.00000000,55.02753131,0
2017-12-30 08:00:00,0.00001310,0.00001318,0.00001255,0.00001261,6608464.00000000,1514624399999,84.95466921,2306,2428252.00000000,31.31117692,0
2017-12-30 09:00:00,0.00001263,0.00001266,0.00001151,0.00001180,13786311.00000000,1514627999999,165.67614113,3634,5344522.00000000,64.21987923,0
2017-12-30 10:00:00,0.00001180,0.00001230,0.00001152,0.00001186,8155285.00000000,1514631599999,96.95590401,2876,3626070.00000000,43.18335559,0
2017-12-30 11:00:00,0.00001187,0.00001225,0.00001155,0.00001198,7579253.00000000,1514635199999,90.60754522,2365,3451745.00000000,41.38217945,0
2017-12-30 12:00:00,0.00001200,0.00001219,0.00001130,0.00001138,7718893.00000000,1514638799999,90.39993027,2435,3796736.00000000,44.51421635,0
2017-12-30 13:00:00,0.00001138,0.00001158,0.00001101,0.00001139,9584797.00000000,1514642399999,108.18953885,2664,4583418.00000000,51.80363801,0
2017-12-30 14:00:00,0.00001138,0.00001284,0.00001137,0.00001281,10053193.00000000,1514645999999,120.26304853,3282,5426331.00000000,65.03951360,0
2017-12-30 15:00:00,0.00001281,0.00001310,0.00001224,0.00001236,10088937.00000000,1514649599999,128.13287627,2771,4369632.00000000,55.56963165,0
2017-12-30 16:00:00,0.00001236,0.00001249,0.00001173,0.00001215,7404685.00000000,1514653199999,89.77098925,2750,3481012.00000000,42.23172038,0
2017-12-30 17:00:00,0.00001215,0.00001271,0.00001180,0.00001214,6741134.00000000,1514656799999,83.12510889,2424,3508413.00000000,43.43352301,0
2017-12-30 18:00:00,0.00001214,0.00001227,0.00001110,0.00001160,11145632.00000000,1514660399999,131.56806520,3490,4550688.00000000,53.99669479,0
2017-12-30 19:00:00,0.00001160,0.00001224,0.00001111,0.00001217,10560768.00000000,1514663999999,123.79376948,3037,5326995.00000000,62.59886182,0
2017-12-30 20:00:00,0.00001217,0.00001218,0.00001150,0.00001169,6266760.00000000,1514667599999,73.89585787,2360,2767174.00000000,32.75758592,0
2017-12-30 21:00:00,0.00001169,0.00001277,0.00001142,0.00001270,8379946.00000000,1514671199999,100.54411494,2671,4943968.00000000,59.32551259,0
2017-12-30 22:00:00,0.00001268,0.00001270,0.00001201,0.00001229,4863830.00000000,1514674799999,59.66460547,1850,2509598.00000000,30.78517227,0
2017-12-30 23:00:00,0.00001228,0.00001335,0.00001208,0.00001286,10035924.00000000,1514678399999,129.00507711,2893,6735710.00000000,86.58442001,0
2017-12-31 00:00:00,0.00001286,0.00001645,0.00001279,0.00001485,28918738.00000000,1514681999999,430.03912032,8396,16573377.00000000,246.51932562,0
2017-12-31 01:00:00,0.00001486,0.00001500,0.00001351,0.00001376,17066073.00000000,1514685599999,243.67930658,4053,7501408.00000000,107.50632644,0
2017-12-31 02:00:00,0.00001379,0.00001485,0.00001328,0.00001399,13148585.00000000,1514689199999,184.43210553,3554,5825169.00000000,81.67554492,0
2017-12-31 03:00:00,0.00001391,0.00001486,0.00001336,0.00001388,9383008.00000000,1514692799999,130.88107440,2715,4312871.00000000,60.55049731,0
2017-12-31 04:00:00,0.00001393,0.00001457,0.00001380,0.00001400,4910220.00000000,1514696399999,69.12494566,1731,2248339.00000000,31.74206298,0
2017-12-31 05:00:00,0.00001404,0.00001427,0.00001245,0.00001279,9354493.00000000,1514699999999,123.90175857,2926,3741729.00000000,49.56138136,0
2017-12-31 06:00:00,0.00001279,0.00001330,0.00001219,0.00001241,6725276.00000000,1514703599999,85.48033757,2383,2727454.00000000,34.92356904,0
2017-12-31 07:00:00,0.00001241,0.00001303,0.00001223,0.00001281,4374514.00000000,1514707199999,54.89060283,2117,2074918.00000000,26.02534030,0
2017-12-31 08:00:00,0.00001281,0.00001359,0.00001267,0.00001338,6343539.00000000,1514710799999,83.76238218,2215,3218647.00000000,42.60484485,0
2017-12-31 09:00:00,0.00001338,0.00001434,0.00001333,0.00001354,5706165.00000000,1514714399999,79.16269660,2330,2598364.00000000,36.10601587,0
2017-12-31 10:00:00,0.00001353,0.00001395,0.00001300,0.00001338,4240696.00000000,1514717999999,56.67061271,1806,1927678.00000000,25.81602785,0
2017-12-31 11:00:00,0.00001338,0.00001350,0.00001305,0.00001333,2918800.00000000,1514721599999,38.69022748,1407,1327987.00000000,17.61052217,0
2017-12-31 12:00:00,0.00001333,0.00001349,0.00001300,0.00001345,3267117.00000000,1514725199999,43.25788974,1543,1495483.00000000,19.86609111,0
2017-12-31 13:00:00,0.00001344,0.00001387,0.00001324,0.00001325,6242044.00000000,1514728799999,84.88118066,1900,3044784.00000000,41.48872397,0
2017-12-31 14:00:00,0.00001325,0.00001345,0.00001307,0.00001330,5018137.00000000,1514732399999,66.53915286,1697,2668380.00000000,35.40352719,0
2017-12-31 15:00:00,0.00001330,0.00001375,0.00001320,0.00001351,6629553.00000000,1514735999999,89.80495418,2059,2742826.00000000,37.30231198,0
2017-12-31 16:00:00,0.00001351,0.00001368,0.00001236,0.00001299,6233649.00000000,1514739599999,80.95982401,2210,2234983.00000000,29.11577317,0
2017-12-31 17:00:00,0.00001299,0.00001321,0.00001272,0.00001297,2928507.00000000,1514743199999,38.01686688,1537,1232606.00000000,16.01973621,0
2017-12-31 18:00:00,0.00001297,0.00001318,0.00001275,0.00001294,2603189.00000000,1514746799999,33.80293515,1193,997825.00000000,13.01804101,0
2017-12-31 19:00:00,0.00001294,0.00001311,0.00001265,0.00001270,2676395.00000000,1514750399999,34.44730076,1118,817503.00000000,10.54369056,0
2017-12-31 20:00:00,0.00001279,0.00001279,0.00001160,0.00001219,7322245.00000000,1514753999999,89.58930798,2316,2617548.00000000,32.30746352,0
2017-12-31 21:00:00,0.00001219,0.00001246,0.00001185,0.00001244,2568986.00000000,1514757599999,31.14924921,1283,1225527.00000000,14.88273739,0
2017-12-31 22:00:00,0.00001243,0.00001310,0.00001233,0.00001258,3696653.00000000,1514761199999,46.82560968,1630,1782226.00000000,22.58581217,0
2017-12-31 23:00:00,0.00001264,0.00001264,0.00001190,0.00001251,2234729.00000000,1514764799999,27.61051740,958,611919.00000000,7.62446879,0
2018-01-01 00:00:00,0.00001251,0.00001260,0.00001170,0.00001253,5802612.00000000,1514768399999,69.87636619,1911,2006395.00000000,24.29911096,0
