Date,Open,High,Low,Close,Volume
2017-12-22 06:00:00,0.00330000,0.00330000,0.00050000,0.00084970,53531.83000000,1513925999999,36.87440929,745,22878.97000000,17.15320098,0
2017-12-22 07:00:00,0.00083000,0.00099990,0.00050500,0.00057550,103148.06000000,1513929599999,70.50867352,1278,41235.41000000,30.07922166,0
2017-12-22 08:00:00,0.00057550,0.00065990,0.00052330,0.00064940,52290.36000000,1513933199999,30.80576109,630,21461.13000000,12.89108189,0
2017-12-22 09:00:00,0.00064500,0.00064960,0.00055930,0.00057990,21119.72000000,1513936799999,12.70875289,347,6354.12000000,3.82947986,0
2017-12-22 10:00:00,0.00057800,0.00058000,0.00056000,0.00056200,18067.02000000,1513940399999,10.30163095,257,8774.72000000,5.06567817,0
2017-12-22 11:00:00,0.00056900,0.00065000,0.00056200,0.00064250,29679.91000000,1513943999999,17.98577196,461,24176.60000000,14.65829148,0
2017-12-22 12:00:00,0.00064250,0.00069000,0.00062060,0.00065000,26119.67000000,1513947599999,17.22535207,564,15279.13000000,10.10341066,0
2017-12-22 13:00:00,0.00065000,0.00066000,0.00056500,0.00062500,33789.77000000,1513951199999,20.19024048,424,17463.17000000,10.43908425,0
2017-12-22 14:00:00,0.00060520,0.00064970,0.00051000,0.00054500,30784.63000000,1513954799999,17.02886016,380,10255.19000000,5.74726211,0
2017-12-22 15:00:00,0.00054500,0.00054500,0.00050860,0.00052300,22395.77000000,1513958399999,11.52461815,256,4108.12000000,2.13093016,0
2017-12-22 16:00:00,0.00051000,0.00053970,0.00050700,0.00052030,13014.58000000,1513961999999,6.81331361,293,7064.83000000,3.70621159,0
2017-12-22 17:00:00,0.00052020,0.00056000,0.00051310,0.00055000,25725.35000000,1513965599999,14.03089341,343,15071.39000000,8.30121685,0
2017-12-22 18:00:00,0.00055000,0.00055430,0.00051110,0.00052100,14871.42000000,1513969199999,7.89756240,253,3126.39000000,1.69013442,0
2017-12-22 19:00:00,0.00052470,0.00053990,0.00051190,0.00052390,13073.50000000,1513972799999,6.88031782,303,7802.45000000,4.12273114,0
2017-12-22 20:00:00,0.00053590,0.00055000,0.00050700,0.00055000,18988.10000000,1513976399999,9.93722158,340,9636.96000000,5.05743734,0
2017-12-22 21:00:00,0.00055000,0.00055990,0.00054990,0.00055900,20903.08000000,1513979999999,11.60269721,367,15594.65000000,8.66553203,0
2017-12-22 22:00:00,0.00055900,0.00055930,0.00052000,0.00055090,12125.52000000,1513983599999,6.67218774,286,6970.69000000,3.85730191,0
2017-12-22 23:00:00,0.00055060,0.00055830,0.00054000,0.00054980,17702.84000000,1513987199999,9.76395976,262,11983.51000000,6.63862762,0
2017-12-23 00:00:00,0.00054980,0.00054990,0.00054190,0.00054900,7627.89000000,1513990799999,4.16987418,179,4461.28000000,2.44847776,0
2017-12-23 01:00:00,0.00054900,0.00062100,0.00054600,0.00059760,26033.37000000,1513994399999,15.08282767,386,21392.19000000,12.31109028,0
2017-12-23 02:00:00,0.00060120,0.00060750,0.00055000,0.00060740,15625.22000000,1513997999999,8.98023182,352,7342.82000000,4.25927563,0
2017-12-23 03:00:00,0.00060740,0.00061670,0.00057550,0.00060000,10847.90000000,1514001599999,6.53483244,288,5801.48000000,3.51346118,0
2017-12-23 04:00:00,0.00060000,0.00061730,0.00057600,0.00060010,19127.87000000,1514005199999,11.58687887,299,10014.03000000,6.10796340,0
2017-12-23 05:00:00,0.00060880,0.00065000,0.00060350,0.00064000,21009.42000000,1514008799999,13.17432888,295,17263.29000000,10.85431266,0
2017-12-23 06:00:00,0.00064400,0.00064960,0.00059650,0.00060710,10758.94000000,1514012399999,6.70600790,253,3979.97000000,2.48594848,0
2017-12-23 07:00:00,0.00061600,0.00063930,0.00058000,0.00058780,10669.08000000,1514015999999,6.37016947,295,4778.83000000,2.85980239,0
2017-12-23 08:00:00,0.00058890,0.00059000,0.00055450,0.00059000,9709.43000000,1514019599999,5.59212320,213,4726.27000000,2.73518406,0
2017-12-23 09:00:00,0.00058990,0.00059000,0.00056200,0.00056200,9118.78000000,1514023199999,5.23600281,150,2081.76000000,1.20754258,0
2017-12-23 10:00:00,0.00056200,0.00056990,0.00051770,0.00055130,24330.91000000,1514026799999,13.18202093,259,11894.03000000,6.39857458,0
2017-12-23 11:00:00,0.00055130,0.00056000,0.00052100,0.00054950,20498.49000000,1514030399999,10.94115747,359,6717.00000000,3.63975552,0
2017-12-23 12:00:00,0.00054370,0.00057500,0.00054370,0.00056800,15283.51000000,1514033999999,8.51706804,293,5805.26000000,3.24592584,0
2017-12-23 13:00:00,0.00056380,0.00056740,0.00054390,0.00056000,5663.79000000,1514037599999,3.13729129,183,1548.60000000,0.86721201,0
2017-12-23 14:00:00,0.00056000,0.00056350,0.00052600,0.00054050,7639.82000000,1514041199999,4.14568508,261,2393.63000000,1.30827177,0
2017-12-23 15:00:00,0.00053650,0.00053700,0.00051150,0.00053100,25717.55000000,1514044799999,13.47687928,293,3227.11000000,1.71013968,0
2017-12-23 16:00:00,0.00053490,0.00055500,0.00052480,0.00052500,19762.72000000,1514048399999,10.63594863,245,7173.60000000,3.87312512,0
2017-12-23 17:00:00,0.00052480,0.00053070,0.00051150,0.00051170,20802.45000000,1514051999999,10.84151836,223,9838.16000000,5.16272398,0
2017-12-23 18:00:00,0.00052090,0.00053070,0.00051500,0.00053070,10912.62000000,1514055599999,5.72894301,150,7571.35000000,3.97269903,0
2017-12-23 19:00:00,0.00053070,0.00054740,0.00052800,0.00054700,12771.58000000,1514059199999,6.89635364,167,6303.84000000,3.40799469,0
2017-12-23 20:00:00,0.00054120,0.00054730,0.00053010,0.00053600,6127.92000000,1514062799999,3.29477975,135,2147.19000000,1.16161508,0
2017-12-23 21:00:00,0.00053580,0.00053590,0.00052800,0.00053000,13361.80000000,1514066399999,7.07860666,203,3519.92000000,1.87480526,0
2017-12-23 22:00:00,0.00053000,0.00053600,0.00052000,0.00052060,8207.14000000,1514069999999,4.34209108,129,1193.71000000,0.63819266,0
2017-12-23 23:00:00,0.00052070,0.00053600,0.00051540,0.00051540,11414.35000000,1514073599999,6.01149530,150,4671.70000000,2.47724870,0
2017-12-24 00:00:00,0.00051540,0.00052500,0.00048840,0.00051000,14680.64000000,1514077199999,7.42916621,256,2405.20000000,1.21153917,0
2017-12-24 01:00:00,0.00050010,0.00051700,0.00048910,0.00049450,6962.09000000,1514080799999,3.51074156,158,3502.11000000,1.77897360,0
2017-12-24 02:00:00,0.00049450,0.00051000,0.00049450,0.00050970,2220.07000000,1514084399999,1.11512803,67,730.14000000,0.36998789,0
2017-12-24 03:00:00,0.00050400,0.00053190,0.00049530,0.00052000,5830.82000000,1514087999999,2.97355195,95,1290.34000000,0.67071694,0
2017-12-24 04:00:00,0.00052000,0.00052800,0.00050500,0.00052600,7588.34000000,1514091599999,3.93942706,95,2068.30000000,1.06683493,0
2017-12-24 05:00:00,0.00052800,0.00052880,0.00052600,0.00052880,3188.91000000,1514095199999,1.68037874,67,1350.29000000,0.71325144,0
2017-12-24 06:00:00,0.00052610,0.00052880,0.00051450,0.00052050,5751.23000000,1514098799999,3.01506270,91,1410.09000000,0.74001986,0
2017-12-24 07:00:00,0.00052060,0.00052820,0.00050620,0.00052000,4953.17000000,1514102399999,2.56936512,102,2617.61000000,1.35970992,0
2017-12-24 08:00:00,0.00052000,0.00052760,0.00050620,0.00052740,2535.77000000,1514105999999,1.32707509,64,1793.49000000,0.94464870,0
2017-12-24 09:00:00,0.00052600,0.00052600,0.00051010,0.00051590,3192.10000000,1514109599999,1.67034440,69,1318.69000000,0.69119455,0
2017-12-24 10:00:00,0.00051590,0.00052580,0.00050620,0.00050780,3412.31000000,1514113199999,1.74667031,79,1195.46000000,0.61569001,0
2017-12-24 11:00:00,0.00051500,0.00052770,0.00051200,0.00051200,1198.27000000,1514116799999,0.62237603,43,458.24000000,0.23967291,0
2017-12-24 12:00:00,0.00051200,0.00052550,0.00050190,0.00050200,2210.20000000,1514120399999,1.12641775,66,382.02000000,0.19712522,0
2017-12-24 13:00:00,0.00050980,0.00051980,0.00050200,0.00050210,2190.73000000,1514123999999,1.10373044,95,674.72000000,0.34096457,0
2017-12-24 14:00:00,0.00051030,0.00051030,0.00049300,0.00049890,3587.35000000,1514127599999,1.79103387,107,470.27000000,0.23416213,0
2017-12-24 15:00:00,0.00049850,0.00051150,0.00049280,0.00049510,2540.62000000,1514131199999,1.26595506,88,669.87000000,0.33574584,0
2017-12-24 16:00:00,0.00049640,0.00051710,0.00049310,0.00050790,3359.08000000,1514134799999,1.67357719,113,1528.37000000,0.76317244,0
2017-12-24 17:00:00,0.00049800,0.00050600,0.00049600,0.00050500,2724.28000000,1514138399999,1.36639347,74,2123.39000000,1.06719050,0
2017-12-24 18:00:00,0.00050470,0.00050500,0.00049040,0.00049040,5757.50000000,1514141999999,2.85191888,95,1098.32000000,0.54852453,0
2017-12-24 19:00:00,0.00049150,0.00050480,0.00048990,0.00049010,4182.27000000,1514145599999,2.05951048,79,1255.37000000,0.61945001,0
2017-12-24 20:00:00,0.00049230,0.00049890,0.00048200,0.00048900,4959.91000000,1514149199999,2.42622783,114,1185.50000000,0.58107745,0
2017-12-24 21:00:00,0.00048900,0.00049000,0.00045000,0.00048730,4644.75000000,1514152799999,2.22650876,90,449.34000000,0.21846337,0
2017-12-24 22:00:00,0.00048700,0.00049110,0.00045100,0.00046520,5723.51000000,1514156399999,2.70140329,104,2988.67000000,1.44527997,0
2017-12-24 23:00:00,0.00046580,0.00049000,0.00046320,0.00047000,6383.22000000,1514159999999,3.00523559,162,4050.68000000,1.91172777,0
2017-12-25 00:00:00,0.00048890,0.00048890,0.00046000,0.00048390,9540.09000000,1514163599999,4.56340897,93,4131.94000000,1.97940980,0
2017-12-25 01:00:00,0.00048300,0.00048400,0.00045520,0.00047500,4219.14000000,1514167199999,1.99627006,73,1422.23000000,0.68242983,0
2017-12-25 02:00:00,0.00048200,0.00048200,0.00046070,0.00046070,3458.21000000,1514170799999,1.62463038,77,592.24000000,0.28115397,0
2017-12-25 03:00:00,0.00046110,0.00047520,0.00046100,0.00047230,1584.74000000,1514174399999,0.73921521,69,452.59000000,0.21179587,0
2017-12-25 04:00:00,0.00047230,0.00048380,0.00047230,0.00048380,1870.62000000,1514177999999,0.89327936,73,818.47000000,0.39104792,0
2017-12-25 05:00:00,0.00048890,0.00049600,0.00048380,0.00049540,2485.84000000,1514181599999,1.22329026,68,2095.81000000,1.03110706,0
2017-12-25 06:00:00,0.00049260,0.00049690,0.00049000,0.00049250,12297.58000000,1514185199999,6.07417425,59,3970.32000000,1.96683346,0
2017-12-25 07:00:00,0.00049250,0.00049250,0.00047460,0.00048850,2736.42000000,1514188799999,1.32565765,52,1384.62000000,0.67803781,0
2017-12-25 08:00:00,0.00048700,0.00049170,0.00046200,0.00049150,2735.29000000,1514192399999,1.30314349,76,954.28000000,0.46475951,0
2017-12-25 09:00:00,0.00048990,0.00049050,0.00046110,0.00046110,3854.93000000,1514195999999,1.79218872,77,2540.42000000,1.17871898,0
2017-12-25 10:00:00,0.00046120,0.00047770,0.00046000,0.00046000,9184.68000000,1514199599999,4.28521676,116,2622.70000000,1.22271018,0
2017-12-25 11:00:00,0.00046000,0.00046780,0.00045790,0.00046750,4060.69000000,1514203199999,1.89470400,72,3100.81000000,1.44797840,0
2017-12-25 12:00:00,0.00046750,0.00047490,0.00045600,0.00046810,2976.93000000,1514206799999,1.37599751,103,2050.78000000,0.95021263,0
2017-12-25 13:00:00,0.00046810,0.00048000,0.00046040,0.00047470,1924.80000000,1514210399999,0.90952456,70,929.24000000,0.44013250,0
2017-12-25 14:00:00,0.00047240,0.00050000,0.00046890,0.00049000,9920.55000000,1514213999999,4.85281408,160,6423.99000000,3.16157894,0
2017-12-25 15:00:00,0.00049000,0.00049900,0.00047070,0.00048800,5622.06000000,1514217599999,2.69782342,96,3494.76000000,1.68440218,0
2017-12-25 16:00:00,0.00048020,0.00050490,0.00048020,0.00049990,2147.86000000,1514221199999,1.06890269,76,1495.12000000,0.74558548,0
2017-12-25 17:00:00,0.00049500,0.00049790,0.00047020,0.00047860,4942.47000000,1514224799999,2.36597117,86,491.64000000,0.23965212,0
2017-12-25 18:00:00,0.00047860,0.00048500,0.00047000,0.00047980,11837.56000000,1514228399999,5.59313813,94,1327.46000000,0.63807791,0
2017-12-25 19:00:00,0.00047990,0.00048490,0.00047150,0.00048490,1508.70000000,1514231999999,0.72330574,67,970.61000000,0.46675309,0
2017-12-25 20:00:00,0.00048490,0.00050800,0.00048250,0.00050550,5189.78000000,1514235599999,2.57153810,98,3684.49000000,1.82796544,0
2017-12-25 21:00:00,0.00050800,0.00050800,0.00048500,0.00049900,1697.32000000,1514239199999,0.84566872,86,1023.94000000,0.51477596,0
2017-12-25 22:00:00,0.00049900,0.00049900,0.00048250,0.00048250,3940.20000000,1514242799999,1.91397675,88,1630.73000000,0.79546727,0
2017-12-25 23:00:00,0.00048250,0.00048960,0.00047000,0.00048210,6844.79000000,1514246399999,3.25673793,103,963.34000000,0.46450543,0
2017-12-26 00:00:00,0.00048120,0.00051040,0.00047270,0.00049000,7537.64000000,1514249999999,3.73381177,104,3567.70000000,1.77437093,0
2017-12-26 01:00:00,0.00049070,0.00050000,0.00047850,0.00047850,5603.15000000,1514253599999,2.74452408,62,2161.38000000,1.06613378,0
2017-12-26 02:00:00,0.00047850,0.00048940,0.00047000,0.00047000,9943.56000000,1514257199999,4.70192052,127,3008.82000000,1.42490745,0
2017-12-26 03:00:00,0.00047010,0.00049000,0.00046010,0.00046010,6343.11000000,1514260799999,3.01250318,89,2300.15000000,1.09854324,0
2017-12-26 04:00:00,0.00046010,0.00046130,0.00042000,0.00042170,9981.23000000,1514264399999,4.41904981,163,3500.52000000,1.53817423,0
2017-12-26 05:00:00,0.00042310,0.00042310,0.00033750,0.00039780,16568.99000000,1514267999999,6.45693495,184,2249.54000000,0.88770028,0
2017-12-26 06:00:00,0.00039780,0.00040730,0.00036750,0.00038310,6626.87000000,1514271599999,2.52115228,82,4603.13000000,1.74721133,0
2017-12-26 07:00:00,0.00038160,0.00038990,0.00036920,0.00038020,2681.87000000,1514275199999,1.02343809,64,1152.57000000,0.44259177,0
2017-12-26 08:00:00,0.00038790,0.00040000,0.00038040,0.00039090,3292.88000000,1514278799999,1.30075765,54,2439.39000000,0.96658148,0
2017-12-26 09:00:00,0.00039340,0.00039990,0.00038850,0.00039140,1799.23000000,1514282399999,0.70398875,53,360.37000000,0.14255324,0
2017-12-26 10:00:00,0.00039140,0.00039990,0.00038910,0.00039940,2304.74000000,1514285999999,0.91549243,51,1733.57000000,0.69101509,0
2017-12-26 11:00:00,0.00039940,0.00040000,0.00039030,0.00039570,2126.99000000,1514289599999,0.84996246,54,1995.46000000,0.79763008,0
2017-12-26 12:00:00,0.00039300,0.00041840,0.00039150,0.00039190,1712.03000000,1514293199999,0.68686779,60,542.71000000,0.21855188,0
2017-12-26 13:00:00,0.00039210,0.00042990,0.00038850,0.00041000,5662.52000000,1514296799999,2.27469024,85,3110.05000000,1.26459106,0
2017-12-26 14:00:00,0.00039860,0.00041410,0.00037020,0.00037020,7366.42000000,1514300399999,2.85915867,87,125.37000000,0.04862097,0
2017-12-26 15:00:00,0.00037020,0.00039720,0.00036690,0.00037920,4134.71000000,1514303999999,1.56886751,78,1505.40000000,0.56913831,0
2017-12-26 16:00:00,0.00038030,0.00039720,0.00035350,0.00037990,5290.63000000,1514307599999,1.98684710,115,1832.54000000,0.69440310,0
2017-12-26 17:00:00,0.00038510,0.00038510,0.00032530,0.00036690,16758.42000000,1514311199999,5.90201488,155,2120.56000000,0.79756502,0
2017-12-26 18:00:00,0.00037030,0.00037890,0.00034530,0.00037890,3509.48000000,1514314799999,1.27398308,77,1860.90000000,0.68619231,0
2017-12-26 19:00:00,0.00037890,0.00039000,0.00032120,0.00038310,24461.40000000,1514318399999,8.56495135,183,6679.91000000,2.45173877,0
2017-12-26 20:00:00,0.00037510,0.00039980,0.00036100,0.00039980,7293.98000000,1514321999999,2.84598474,98,5728.05000000,2.25300976,0
2017-12-26 21:00:00,0.00039970,0.00039990,0.00038450,0.00039430,3167.26000000,1514325599999,1.25057880,78,1713.04000000,0.68079081,0
2017-12-26 22:00:00,0.00039210,0.00039280,0.00038500,0.00039200,1239.80000000,1514329199999,0.48268633,45,850.60000000,0.33278062,0
2017-12-26 23:00:00,0.00038570,0.00039990,0.00038450,0.00039990,2516.76000000,1514332799999,0.97835910,55,1363.31000000,0.53443162,0
2017-12-27 00:00:00,0.00039980,0.00039980,0.00037500,0.00038490,1997.43000000,1514336399999,0.76800523,60,514.75000000,0.19926909,0
2017-12-27 01:00:00,0.00038490,0.00038860,0.00038000,0.00038000,3446.77000000,1514339999999,1.31362519,39,522.31000000,0.20153950,0
2017-12-27 02:00:00,0.00037730,0.00038000,0.00037500,0.00037500,856.47000000,1514343599999,0.32348008,37,380.07000000,0.14416946,0
2017-12-27 03:00:00,0.00037990,0.00038500,0.00036260,0.00037070,1639.73000000,1514347199999,0.61430954,55,290.59000000,0.11114473,0
2017-12-27 04:00:00,0.00038030,0.00038030,0.00036250,0.00036260,1753.96000000,1514350799999,0.64992536,65,1159.95000000,0.43022719,0
2017-12-27 05:00:00,0.00036260,0.00037580,0.00035250,0.00037480,8760.88000000,1514354399999,3.15878707,68,2299.14000000,0.85170121,0
2017-12-27 06:00:00,0.00037440,0.00037440,0.00035250,0.00035350,2497.04000000,1514357999999,0.89639987,71,1222.99000000,0.44446743,0
2017-12-27 07:00:00,0.00036280,0.00043130,0.00036280,0.00040940,10566.77000000,1514361599999,4.19951763,179,5593.62000000,2.23831582,0
2017-12-27 08:00:00,0.00040940,0.00041000,0.00038500,0.00038860,3092.67000000,1514365199999,1.20740636,50,595.99000000,0.23390430,0
2017-12-27 09:00:00,0.00040490,0.00040500,0.00038500,0.00038500,7603.11000000,1514368799999,2.97553942,82,2900.18000000,1.15730684,0
2017-12-27 10:00:00,0.00038510,0.00039720,0.00037980,0.00039180,2656.92000000,1514372399999,1.02437566,50,666.69000000,0.26184192,0
2017-12-27 11:00:00,0.00039220,0.00040970,0.00039180,0.00040340,1292.41000000,1514375999999,0.51424851,46,473.42000000,0.18928679,0
2017-12-27 12:00:00,0.00040340,0.00043990,0.00039510,0.00043990,3587.14000000,1514379599999,1.51535708,67,3271.18000000,1.38444047,0
2017-12-27 13:00:00,0.00044550,0.00052780,0.00041020,0.00049000,46791.87000000,1514383199999,23.11230975,604,28902.82000000,14.29133488,0
2017-12-27 14:00:00,0.00047040,0.00051890,0.00047040,0.00049560,15097.93000000,1514386799999,7.53223284,341,7197.99000000,3.61659288,0
2017-12-27 15:00:00,0.00049900,0.00051990,0.00048550,0.00050520,11325.35000000,1514390399999,5.70270962,184,7202.50000000,3.67337106,0
2017-12-27 16:00:00,0.00050490,0.00050700,0.00045340,0.00047240,10774.35000000,1514393999999,5.11875219,159,1408.88000000,0.67178755,0
2017-12-27 17:00:00,0.00047240,0.00048900,0.00044100,0.00044470,9281.54000000,1514397599999,4.24257010,152,2661.02000000,1.24468466,0
2017-12-27 18:00:00,0.00045480,0.00045480,0.00040510,0.00041760,10706.93000000,1514401199999,4.60031220,206,2830.88000000,1.22761457,0
2017-12-27 19:00:00,0.00041900,0.00045000,0.00041900,0.00044790,7551.76000000,1514404799999,3.31230577,169,3741.83000000,1.65016913,0
2017-12-27 20:00:00,0.00044780,0.00045220,0.00042780,0.00042890,6257.43000000,1514408399999,2.74306842,147,3210.14000000,1.41753478,0
2017-12-27 21:00:00,0.00042890,0.00044090,0.00041320,0.00043060,2240.40000000,1514411999999,0.96024787,80,1171.82000000,0.50645574,0
2017-12-27 22:00:00,0.00044090,0.00049900,0.00043230,0.00047410,6626.27000000,1514415599999,3.15230469,137,4361.38000000,2.08300006,0
2017-12-27 23:00:00,0.00048210,0.00050000,0.00047700,0.00049510,8318.41000000,1514419199999,4.13323551,157,6378.37000000,3.17696753,0
2017-12-28 00:00:00,0.00050000,0.00050990,0.00045100,0.00046250,8313.75000000,1514422799999,4.03160602,172,2915.69000000,1.41698587,0
2017-12-28 01:00:00,0.00046160,0.00049030,0.00045140,0.00046970,6487.85000000,1514426399999,3.05657129,149,2447.47000000,1.17034865,0
2017-12-28 02:00:00,0.00046970,0.00049500,0.00042190,0.00042190,9377.12000000,1514429999999,4.24920669,136,3534.90000000,1.60711374,0
2017-12-28 03:00:00,0.00043000,0.00049080,0.00043000,0.00044010,5242.93000000,1514433599999,2.37174204,105,1706.78000000,0.80074534,0
2017-12-28 04:00:00,0.00044060,0.00047000,0.00043280,0.00044500,7452.17000000,1514437199999,3.27634252,107,2017.50000000,0.90152528,0
2017-12-28 05:00:00,0.00044520,0.00045880,0.00044000,0.00045000,2937.62000000,1514440799999,1.31119246,75,1249.58000000,0.56223008,0
2017-12-28 06:00:00,0.00044020,0.00049490,0.00044020,0.00047920,7717.35000000,1514444399999,3.60186675,110,6241.94000000,2.91247365,0
2017-12-28 07:00:00,0.00047730,0.00048770,0.00044100,0.00044390,4325.32000000,1514447999999,1.97639385,70,1145.52000000,0.51805324,0
2017-12-28 08:00:00,0.00044390,0.00046300,0.00044130,0.00045510,3443.15000000,1514451599999,1.53697821,131,1308.53000000,0.58959783,0
2017-12-28 09:00:00,0.00045510,0.00046190,0.00043580,0.00043750,3270.34000000,1514455199999,1.44414361,78,1356.17000000,0.60066761,0
2017-12-28 10:00:00,0.00044120,0.00046010,0.00044090,0.00044950,2141.71000000,1514458799999,0.96021760,109,1591.37000000,0.71524848,0
2017-12-28 11:00:00,0.00044950,0.00049000,0.00044600,0.00046240,3859.28000000,1514462399999,1.82449755,114,2427.16000000,1.15396016,0
2017-12-28 12:00:00,0.00047170,0.00047800,0.00045190,0.00045970,3386.73000000,1514465999999,1.58018852,74,1544.91000000,0.72604312,0
2017-12-28 13:00:00,0.00046100,0.00048700,0.00045890,0.00047780,3351.92000000,1514469599999,1.57733406,93,2163.15000000,1.01839575,0
2017-12-28 14:00:00,0.00046330,0.00047880,0.00043350,0.00047150,7962.05000000,1514473199999,3.64294564,155,1929.83000000,0.90612240,0
2017-12-28 15:00:00,0.00047120,0.00047140,0.00042510,0.00044250,4430.81000000,1514476799999,1.94949093,89,1675.54000000,0.74315981,0
2017-12-28 16:00:00,0.00044250,0.00046140,0.00043460,0.00046140,5873.78000000,1514480399999,2.61183495,72,4546.94000000,2.02354427,0
2017-12-28 17:00:00,0.00046140,0.00046140,0.00044090,0.00044270,2523.64000000,1514483999999,1.13165621,85,1050.75000000,0.47642759,0
2017-12-28 18:00:00,0.00044270,0.00050500,0.00043780,0.00047000,14066.89000000,1514487599999,6.85530758,226,10175.97000000,4.99732652,0
2017-12-28 19:00:00,0.00047000,0.00047810,0.00043160,0.00043400,13728.44000000,1514491199999,6.07889836,231,3823.54000000,1.71367102,0
2017-12-28 20:00:00,0.00043550,0.00046110,0.00043550,0.00044920,6185.86000000,1514494799999,2.76151246,145,4184.93000000,1.88022997,0
2017-12-28 21:00:00,0.00045990,0.00047010,0.00044140,0.00044650,2659.26000000,1514498399999,1.19481424,141,1084.25000000,0.48990622,0
2017-12-28 22:00:00,0.00044660,0.00047990,0.00044660,0.00046670,4258.08000000,1514501999999,1.95876990,147,2757.19000000,1.27815224,0
2017-12-28 23:00:00,0.00046670,0.00051990,0.00046670,0.00047380,18027.54000000,1514505599999,8.84850525,312,12294.03000000,6.07660178,0
2017-12-29 00:00:00,0.00047380,0.00048800,0.00046450,0.00047990,3192.61000000,1514509199999,1.51644544,147,1323.08000000,0.63426404,0
2017-12-29 01:00:00,0.00047990,0.00048660,0.00046310,0.00046360,4708.60000000,1514512799999,2.22214732,122,424.92000000,0.20201293,0
2017-12-29 02:00:00,0.00046360,0.00047590,0.00046350,0.00046440,3947.25000000,1514516399999,1.84819217,105,2531.83000000,1.18872347,0
2017-12-29 03:00:00,0.00046440,0.00047300,0.00046310,0.00046450,7282.49000000,1514519999999,3.38372230,115,4285.62000000,1.99420235,0
2017-12-29 04:00:00,0.00046450,0.00048200,0.00046440,0.00047930,3062.98000000,1514523599999,1.45018252,116,1934.47000000,0.91650519,0
2017-12-29 05:00:00,0.00048000,0.00048200,0.00047120,0.00047490,1478.41000000,1514527199999,0.70044242,78,88.30000000,0.04233329,0
2017-12-29 06:00:00,0.00047710,0.00049000,0.00047130,0.00047570,8146.64000000,1514530799999,3.90636965,96,4229.83000000,2.03304037,0
2017-12-29 07:00:00,0.00048900,0.00048900,0.00047620,0.00048130,1722.92000000,1514534399999,0.82446489,67,384.68000000,0.18525091,0
2017-12-29 08:00:00,0.00048090,0.00048900,0.00047740,0.00047740,1181.90000000,1514537999999,0.56583400,79,165.69000000,0.08008653,0
2017-12-29 09:00:00,0.00048820,0.00048850,0.00047730,0.00048120,1807.79000000,1514541599999,0.86720831,65,441.75000000,0.21398720,0
2017-12-29 10:00:00,0.00048670,0.00049500,0.00048120,0.00048600,3193.90000000,1514545199999,1.56236640,125,2002.79000000,0.98223443,0
2017-12-29 11:00:00,0.00049410,0.00049440,0.00046990,0.00047000,3876.85000000,1514548799999,1.85322983,143,861.09000000,0.41246035,0
2017-12-29 12:00:00,0.00047000,0.00047940,0.00047000,0.00047360,2303.01000000,1514552399999,1.09233871,91,912.56000000,0.43548057,0
2017-12-29 13:00:00,0.00047360,0.00050000,0.00047360,0.00048700,4059.20000000,1514555999999,1.98586724,116,2631.83000000,1.29867693,0
2017-12-29 14:00:00,0.00048700,0.00054750,0.00048230,0.00054000,39337.41000000,1514559599999,20.75305816,525,22140.75000000,11.59790358,0
2017-12-29 15:00:00,0.00054000,0.00064000,0.00053330,0.00059500,61727.77000000,1514563199999,35.95350226,808,39635.83000000,23.13406084,0
2017-12-29 16:00:00,0.00059490,0.00062000,0.00058040,0.00061630,28591.39000000,1514566799999,17.54089269,535,15657.68000000,9.59757726,0
2017-12-29 17:00:00,0.00061630,0.00063950,0.00057200,0.00063930,30334.97000000,1514570399999,18.53471179,660,14344.95000000,8.82470654,0
2017-12-29 18:00:00,0.00062160,0.00063930,0.00061160,0.00063500,11943.06000000,1514573999999,7.48399261,329,3154.31000000,1.98060188,0
2017-12-29 19:00:00,0.00063530,0.00063540,0.00058000,0.00059230,14425.15000000,1514577599999,8.70357664,324,5184.86000000,3.13794769,0
2017-12-29 20:00:00,0.00059230,0.00060000,0.00058000,0.00058570,8750.43000000,1514581199999,5.13849557,228,2752.92000000,1.62872282,0
2017-12-29 21:00:00,0.00058600,0.00061000,0.00054100,0.00054660,24494.60000000,1514584799999,13.95271378,402,5381.13000000,3.01479563,0
2017-12-29 22:00:00,0.00056090,0.00059640,0.00054660,0.00057010,7601.77000000,1514588399999,4.32306597,259,4137.86000000,2.35084757,0
2017-12-29 23:00:00,0.00057000,0.00058850,0.00055790,0.00057400,8178.92000000,1514591999999,4.75880596,149,5636.37000000,3.30000349,0
2017-12-30 00:00:00,0.00057400,0.00060350,0.00057400,0.00060300,5447.22000000,1514595599999,3.19370250,149,2252.10000000,1.34366612,0
2017-12-30 01:00:00,0.00059500,0.00060300,0.00056240,0.00057500,6223.04000000,1514599199999,3.62136090,192,1488.94000000,0.87072269,0
2017-12-30 02:00:00,0.00057300,0.00057310,0.00055000,0.00055010,7564.56000000,1514602799999,4.23226422,184,2976.00000000,1.67246172,0
2017-12-30 03:00:00,0.00055020,0.00056210,0.00055000,0.00055090,3990.12000000,1514606399999,2.22735660,107,2556.76000000,1.43689392,0
2017-12-30 04:00:00,0.00055090,0.00056500,0.00052500,0.00053000,13762.45000000,1514609999999,7.36917386,246,5208.09000000,2.78528901,0
2017-12-30 05:00:00,0.00053000,0.00055100,0.00052930,0.00055100,3003.99000000,1514613599999,1.61243741,146,1858.81000000,1.00348432,0
2017-12-30 06:00:00,0.00055120,0.00055900,0.00052510,0.00053250,5931.20000000,1514617199999,3.18732390,178,2758.36000000,1.49139064,0
2017-12-30 07:00:00,0.00053250,0.00055000,0.00052650,0.00053360,3193.08000000,1514620799999,1.71141992,134,1998.47000000,1.07754267,0
2017-12-30 08:00:00,0.00053330,0.00055010,0.00053330,0.00054660,5177.80000000,1514624399999,2.79299208,155,2263.71000000,1.23446852,0
2017-12-30 09:00:00,0.00054660,0.00057470,0.00053580,0.00057470,7226.54000000,1514627999999,4.00174445,195,4958.50000000,2.73627737,0
2017-12-30 10:00:00,0.00056660,0.00058500,0.00055340,0.00057560,3626.20000000,1514631599999,2.07918464,191,1851.85000000,1.06990137,0
2017-12-30 11:00:00,0.00057560,0.00058500,0.00055010,0.00058500,7292.76000000,1514635199999,4.18656067,215,3886.00000000,2.24596251,0
2017-12-30 12:00:00,0.00058450,0.00058980,0.00054500,0.00055600,7074.81000000,1514638799999,4.08060528,251,3958.23000000,2.30464712,0
2017-12-30 13:00:00,0.00055380,0.00057990,0.00054030,0.00054710,6268.36000000,1514642399999,3.50576390,191,2508.68000000,1.42498532,0
2017-12-30 14:00:00,0.00056200,0.00056910,0.00054030,0.00056400,4036.87000000,1514645999999,2.23989423,178,1576.29000000,0.88834091,0
2017-12-30 15:00:00,0.00055570,0.00057990,0.00055570,0.00056300,3598.22000000,1514649599999,2.03116580,178,2013.51000000,1.13971262,0
2017-12-30 16:00:00,0.00056310,0.00057700,0.00054230,0.00054230,4633.60000000,1514653199999,2.58506572,170,960.55000000,0.54476960,0
2017-12-30 17:00:00,0.00055360,0.00057900,0.00054210,0.00057630,5129.34000000,1514656799999,2.85892491,208,2540.51000000,1.43779405,0
2017-12-30 18:00:00,0.00057580,0.00057590,0.00055150,0.00057490,7452.23000000,1514660399999,4.23313725,217,4375.60000000,2.49815040,0
2017-12-30 19:00:00,0.00057490,0.00059000,0.00057490,0.00058400,11941.38000000,1514663999999,6.92698929,213,7180.97000000,4.17831330,0
2017-12-30 20:00:00,0.00057990,0.00061250,0.00057500,0.00061240,9422.21000000,1514667599999,5.63808524,191,6957.06000000,4.18882764,0
2017-12-30 21:00:00,0.00061240,0.00061240,0.00057600,0.00058930,2955.17000000,1514671199999,1.74280470,156,1059.33000000,0.62362657,0
2017-12-30 22:00:00,0.00058930,0.00060020,0.00057770,0.00057870,4708.76000000,1514674799999,2.77394548,192,2185.78000000,1.28636340,0
2017-12-30 23:00:00,0.00058430,0.00058430,0.00057490,0.00058000,5049.26000000,1514678399999,2.91960237,152,2326.84000000,1.34711272,0
2017-12-31 00:00:00,0.00057500,0.00060020,0.00057500,0.00057570,3167.13000000,1514681999999,1.83656046,140,1926.37000000,1.12052544,0
2017-12-31 01:00:00,0.00057540,0.00059000,0.00057500,0.00058870,2749.59000000,1514685599999,1.59828653,144,1374.08000000,0.80080406,0
2017-12-31 02:00:00,0.00058000,0.00059500,0.00057930,0.00057940,3383.73000000,1514689199999,1.97653493,157,1130.97000000,0.66813730,0
2017-12-31 03:00:00,0.00057950,0.00059480,0.00057490,0.00058370,6398.31000000,1514692799999,3.69861047,153,1449.57000000,0.84424237,0
2017-12-31 04:00:00,0.00058010,0.00058370,0.00055030,0.00056310,4376.48000000,1514696399999,2.47470449,173,893.53000000,0.50577412,0
2017-12-31 05:00:00,0.00056310,0.00059480,0.00055030,0.00055110,5762.74000000,1514699999999,3.28455770,200,2426.03000000,1.40001297,0
2017-12-31 06:00:00,0.00055110,0.00057250,0.00055020,0.00056260,4112.35000000,1514703599999,2.27477168,178,1199.05000000,0.66635148,0
2017-12-31 07:00:00,0.00055220,0.00056450,0.00055220,0.00056370,3397.07000000,1514707199999,1.90355046,141,2186.68000000,1.22703695,0
2017-12-31 08:00:00,0.00056370,0.00056630,0.00054020,0.00054760,8745.88000000,1514710799999,4.79412966,224,840.52000000,0.46716738,0
2017-12-31 09:00:00,0.00054740,0.00058000,0.00054050,0.00058000,12342.77000000,1514714399999,6.92669819,275,7485.42000000,4.22605546,0
2017-12-31 10:00:00,0.00056010,0.00059480,0.00056010,0.00059390,7569.75000000,1514717999999,4.42490190,235,4239.16000000,2.48896597,0
2017-12-31 11:00:00,0.00059390,0.00060990,0.00058290,0.00060570,6532.53000000,1514721599999,3.91141339,224,4083.86000000,2.46030853,0
2017-12-31 12:00:00,0.00059780,0.00060730,0.00055570,0.00059480,5805.47000000,1514725199999,3.35726757,221,1850.41000000,1.09119646,0
2017-12-31 13:00:00,0.00059480,0.00060950,0.00058310,0.00060890,9432.53000000,1514728799999,5.64271310,242,5353.92000000,3.21704128,0
2017-12-31 14:00:00,0.00060410,0.00060920,0.00056740,0.00058230,11917.51000000,1514732399999,6.99952111,306,3202.79000000,1.87856871,0
2017-12-31 15:00:00,0.00056830,0.00059400,0.00056830,0.00058570,2825.73000000,1514735999999,1.65039303,216,1300.51000000,0.76206725,0
2017-12-31 16:00:00,0.00058310,0.00060980,0.00056000,0.00057450,14426.24000000,1514739599999,8.44035922,432,4784.82000000,2.82459719,0
2017-12-31 17:00:00,0.00056390,0.00060050,0.00056390,0.00058660,7466.87000000,1514743199999,4.34138741,273,3599.63000000,2.11051436,0
2017-12-31 18:00:00,0.00058890,0.00060000,0.00057580,0.00058540,4413.31000000,1514746799999,2.58602869,225,1490.70000000,0.87508430,0
2017-12-31 19:00:00,0.00058340,0.00059990,0.00058340,0.00059480,2084.88000000,1514750399999,1.22910353,146,648.02000000,0.38413423,0
2017-12-31 20:00:00,0.00059480,0.00060510,0.00059090,0.00060220,5501.20000000,1514753999999,3.30143314,169,2245.92000000,1.35411780,0
2017-12-31 21:00:00,0.00060220,0.00060980,0.00058630,0.00059000,5858.87000000,1514757599999,3.50471903,207,2027.81000000,1.22313359,0
2017-12-31 22:00:00,0.00058640,0.00059810,0.00057570,0.00059460,3981.50000000,1514761199999,2.33458479,147,603.41000000,0.35747883,0
2017-12-31 23:00:00,0.00059370,0.00060200,0.00059370,0.00059800,5040.22000000,1514764799999,3.01202618,116,2912.10000000,1.74520766,0
2018-01-01 00:00:00,0.00059460,0.00060000,0.00058000,0.00059980,2847.05000000,1514768399999,1.69420539,131,1773.87000000,1.05742316,0
