Date,Open,High,Low,Close,Volume
2017-12-12 13:00:00,0.01000000,0.01000000,0.00006090,0.00007306,2122776.00000000,1513087199999,184.49729426,3979,668944.00000000,59.42802683,12976703.78705816
2017-12-12 14:00:00,0.00007400,0.00007450,0.00005415,0.00006580,1725862.00000000,1513090799999,112.48022000,2507,625176.00000000,40.53798412,9167235.81522717
2017-12-12 15:00:00,0.00006580,0.00007300,0.00006073,0.00006766,875807.00000000,1513094399999,59.61614768,1525,346299.00000000,23.67448565,11598479.17505996
2017-12-12 16:00:00,0.00006874,0.00009800,0.00006800,0.00008401,2453834.00000000,1513097999999,214.44649948,3610,1025966.00000000,88.73117719,12866994.15428523
2017-12-12 17:00:00,0.00008420,0.00009000,0.00007800,0.00007925,748320.00000000,1513101599999,61.29823378,1460,277221.00000000,22.97400441,13906427.95765356
2017-12-12 18:00:00,0.00007901,0.00008100,0.00007201,0.00007979,993745.00000000,1513105199999,76.16346232,1497,395042.00000000,30.60649695,15033141.99128019
2017-12-12 19:00:00,0.00007900,0.00007970,0.00007300,0.00007597,403056.00000000,1513108799999,30.72604539,803,119609.00000000,9.12052673,15782504.83359522
2017-12-12 20:00:00,0.00007595,0.00007837,0.00007198,0.00007198,485629.00000000,1513112399999,36.61875025,801,151301.00000000,11.54603098,16817207.57363399
2017-12-12 21:00:00,0.00007200,0.00007620,0.00007130,0.00007320,266223.00000000,1513115999999,19.61167864,643,110203.00000000,8.15966004,17237552.98278716
2017-12-12 22:00:00,0.00007330,0.00007837,0.00007235,0.00007589,374551.00000000,1513119599999,28.02800567,661,164756.00000000,12.35106959,17454784.73278859
2017-12-12 23:00:00,0.00007650,0.00008351,0.00007650,0.00008000,576576.00000000,1513123199999,46.27768975,954,279047.00000000,22.46176735,17582144.58117510
2017-12-13 00:00:00,0.00008010,0.00009250,0.00007990,0.00009050,593339.00000000,1513126799999,51.82948872,1109,312533.00000000,27.38632638,17875324.89616134
2017-12-13 01:00:00,0.00009050,0.00009201,0.00008501,0.00008908,543877.00000000,1513130399999,48.14492501,842,184569.00000000,16.42838778,18152761.08334131
2017-12-13 02:00:00,0.00008907,0.00009184,0.00008654,0.00008800,435782.00000000,1513133999999,39.03330600,605,136975.00000000,12.34314140,18356703.65954877
2017-12-13 03:00:00,0.00008800,0.00008952,0.00008400,0.00008788,179650.00000000,1513137599999,15.47080648,402,69204.00000000,5.96847287,18480716.55228123
2017-12-13 04:00:00,0.00008791,0.00008952,0.00008501,0.00008510,115267.00000000,1513141199999,10.04830131,346,33594.00000000,2.95661787,18534337.80519964
2017-12-13 05:00:00,0.00008502,0.00008700,0.00008305,0.00008510,166229.00000000,1513144799999,14.09312175,368,65021.00000000,5.51360730,18568924.89016257
2017-12-13 06:00:00,0.00008600,0.00008700,0.00008100,0.00008282,315799.00000000,1513148399999,26.37985483,375,58325.00000000,4.98004617,18629884.83677976
2017-12-13 07:00:00,0.00008283,0.00008283,0.00007661,0.00007900,294848.00000000,1513151999999,23.32230252,665,88758.00000000,7.01050945,18707721.36316044
2017-12-13 08:00:00,0.00007900,0.00007970,0.00007483,0.00007500,361898.00000000,1513155599999,27.69107107,605,125660.00000000,9.66723801,18839145.26551300
2017-12-13 09:00:00,0.00007490,0.00007700,0.00006600,0.00006799,601636.00000000,1513159199999,42.59601278,1026,109126.00000000,7.73213567,18961426.09357170
2017-12-13 10:00:00,0.00006801,0.00007420,0.00006109,0.00006923,697356.00000000,1513162799999,47.05990399,1206,333319.00000000,22.53753923,19185457.43662112
2017-12-13 11:00:00,0.00007020,0.00007050,0.00006300,0.00006361,412860.00000000,1513166399999,27.28614942,739,116611.00000000,7.67726376,19714436.10124002
2017-12-13 12:00:00,0.00006361,0.00006799,0.00006330,0.00006705,457465.00000000,1513169999999,29.86816043,606,226117.00000000,14.84712471,19830217.18629281
2017-12-13 13:00:00,0.00006709,0.00007350,0.00006621,0.00006998,459902.00000000,1513173599999,32.47700293,835,195346.00000000,13.85051887,19908924.45976341
2017-12-13 14:00:00,0.00006670,0.00007100,0.00006609,0.00006875,193165.00000000,1513177199999,13.23385908,497,68708.00000000,4.72750455,19864055.07825155
2017-12-13 15:00:00,0.00006875,0.00007099,0.00006670,0.00006996,295272.00000000,1513180799999,20.21681513,492,112778.00000000,7.76461321,19897924.73229613
2017-12-13 16:00:00,0.00006995,0.00006996,0.00006570,0.00006787,239486.00000000,1513184399999,16.28567217,451,116694.00000000,7.96563226,20207083.60832544
2017-12-13 17:00:00,0.00006787,0.00006929,0.00006669,0.00006891,113990.00000000,1513187999999,7.71816310,267,62016.00000000,4.20525156,20256282.69648468
2017-12-13 18:00:00,0.00006888,0.00006899,0.00006501,0.00006664,159391.00000000,1513191599999,10.65162362,333,76382.00000000,5.13467291,20262932.45106096
2017-12-13 19:00:00,0.00006667,0.00006780,0.00006665,0.00006768,86192.00000000,1513195199999,5.78957106,258,32063.00000000,2.16034899,20657690.36558698
2017-12-13 20:00:00,0.00006720,0.00006785,0.00006500,0.00006780,137046.00000000,1513198799999,9.09950841,367,63965.00000000,4.26482103,20745225.41501674
2017-12-13 21:00:00,0.00006786,0.00006787,0.00006400,0.00006470,246351.00000000,1513202399999,16.01004182,325,74814.00000000,4.88592270,20704739.99158735
2017-12-13 22:00:00,0.00006470,0.00006677,0.00006381,0.00006471,153221.00000000,1513205999999,9.96050954,331,58294.00000000,3.80786552,20725984.61241673
2017-12-13 23:00:00,0.00006477,0.00006666,0.00006471,0.00006512,129811.00000000,1513209599999,8.49414510,261,45375.00000000,2.98334736,20916823.44042095
2017-12-14 00:00:00,0.00006540,0.00006580,0.00006390,0.00006395,99869.00000000,1513213199999,6.49156159,230,35551.00000000,2.32557687,20829648.78139157
2017-12-14 01:00:00,0.00006401,0.00006494,0.00006300,0.00006400,255637.00000000,1513216799999,16.25507217,386,95532.00000000,6.06939337,20845549.23728311
2017-12-14 02:00:00,0.00006362,0.00006666,0.00006321,0.00006561,171377.00000000,1513220399999,11.06434242,323,82218.00000000,5.33023363,20866792.59557125
2017-12-14 03:00:00,0.00006561,0.00006997,0.00006350,0.00006591,293061.00000000,1513223999999,19.59772370,554,117725.00000000,7.92507219,21008470.83197125
2017-12-14 04:00:00,0.00006591,0.00006600,0.00006293,0.00006396,137772.00000000,1513227599999,8.86238521,321,40775.00000000,2.64381079,21152445.19423566
2017-12-14 05:00:00,0.00006389,0.00006600,0.00006340,0.00006440,170443.00000000,1513231199999,10.95649366,274,56502.00000000,3.64783780,21251998.96172350
2017-12-14 06:00:00,0.00006400,0.00006594,0.00006362,0.00006510,118904.00000000,1513234799999,7.71152452,261,63268.00000000,4.11084299,21321479.58901164
2017-12-14 07:00:00,0.00006500,0.00006572,0.00006363,0.00006475,218274.00000000,1513238399999,14.06198773,432,76313.00000000,4.93721102,21347162.59815855
2017-12-14 08:00:00,0.00006475,0.00006530,0.00006252,0.00006270,194146.00000000,1513241999999,12.37609223,394,46778.00000000,3.01936568,21378758.01101721
2017-12-14 09:00:00,0.00006288,0.00006540,0.00006286,0.00006350,240296.00000000,1513245599999,15.47622750,374,78731.00000000,5.07604957,21384770.95670613
2017-12-14 10:00:00,0.00006390,0.00006665,0.00006251,0.00006425,322542.00000000,1513249199999,20.74802861,348,134794.00000000,8.76745779,21447483.96342117
2017-12-14 11:00:00,0.00006455,0.00006895,0.00006455,0.00006500,283361.00000000,1513252799999,19.07982158,467,132139.00000000,8.95969684,21467391.29802327
2017-12-14 12:00:00,0.00006501,0.00006621,0.00006457,0.00006502,81804.00000000,1513256399999,5.34416290,235,29052.00000000,1.90674443,21477525.26354852
2017-12-14 13:00:00,0.00006502,0.00006900,0.00006490,0.00006639,148081.00000000,1513259999999,9.84549744,281,73506.00000000,4.91602560,21522214.81837790
2017-12-14 14:00:00,0.00006834,0.00007210,0.00006591,0.00006985,364818.00000000,1513263599999,25.39504029,536,208628.00000000,14.54551762,21569349.25728000
2017-12-14 15:00:00,0.00006985,0.00007040,0.00006716,0.00006716,144194.00000000,1513267199999,9.87883886,296,45860.00000000,3.16455418,21566629.07693600
2017-12-14 16:00:00,0.00006875,0.00006875,0.00006507,0.00006648,185464.00000000,1513270799999,12.24643650,296,47329.00000000,3.15370014,21574333.87813600
2017-12-14 17:00:00,0.00006648,0.00006696,0.00006452,0.00006520,147177.00000000,1513274399999,9.66621437,290,47717.00000000,3.16203609,21608689.97549759
2017-12-14 18:00:00,0.00006525,0.00006667,0.00006350,0.00006353,180619.00000000,1513277999999,11.66048015,305,71606.00000000,4.63524221,21716579.84066821
2017-12-14 19:00:00,0.00006405,0.00006700,0.00006350,0.00006700,152920.00000000,1513281599999,10.03442988,320,78154.00000000,5.13240057,21672929.32028867
2017-12-14 20:00:00,0.00006600,0.00006720,0.00006415,0.00006631,117845.00000000,1513285199999,7.74035519,250,57581.00000000,3.78483546,21676361.90128867
2017-12-14 21:00:00,0.00006600,0.00006697,0.00006506,0.00006597,96709.00000000,1513288799999,6.37946286,229,40801.00000000,2.69906472,21674798.23940911
2017-12-14 22:00:00,0.00006597,0.00006999,0.00006597,0.00006995,167082.00000000,1513292399999,11.36354881,307,108307.00000000,7.37439531,21672752.49159898
2017-12-14 23:00:00,0.00006998,0.00007070,0.00006700,0.00006902,189258.00000000,1513295999999,13.05659924,343,71902.00000000,5.02221413,21682460.66174588
2017-12-15 00:00:00,0.00006903,0.00007030,0.00006277,0.00006300,266908.00000000,1513299599999,17.63658379,428,64658.00000000,4.36286418,21717538.15591802
2017-12-15 01:00:00,0.00006277,0.00006580,0.00005746,0.00006150,340454.00000000,1513303199999,21.15551002,417,53134.00000000,3.32122565,21729918.28403701
2017-12-15 02:00:00,0.00006143,0.00006150,0.00005051,0.00005251,326088.00000000,1513306799999,17.78078203,444,119596.00000000,6.51845152,21768007.87031993
2017-12-15 03:00:00,0.00005377,0.00006075,0.00005132,0.00005770,255070.00000000,1513310399999,14.44493666,313,123109.00000000,6.96423140,21781820.36520807
2017-12-15 04:00:00,0.00005657,0.00006142,0.00005657,0.00005937,86139.00000000,1513313999999,5.12557466,159,45880.00000000,2.72224549,21785680.96963727
2017-12-15 05:00:00,0.00005939,0.00006188,0.00005700,0.00006000,118008.00000000,1513317599999,7.01041331,193,69738.00000000,4.18332732,21838733.78221357
2017-12-15 06:00:00,0.00006000,0.00006200,0.00005825,0.00006017,81995.00000000,1513321199999,4.92156903,185,35388.00000000,2.15627298,21834954.19364295
2017-12-15 07:00:00,0.00006017,0.00006114,0.00005802,0.00005943,111848.00000000,1513324799999,6.62560670,150,67962.00000000,4.04892450,21834707.66761128
2017-12-15 08:00:00,0.00005958,0.00006500,0.00005943,0.00006260,133671.00000000,1513328399999,8.42268529,192,99237.00000000,6.27516332,21859869.86804066
2017-12-15 09:00:00,0.00006251,0.00006290,0.00005713,0.00005920,131274.00000000,1513331999999,7.77217772,218,27980.00000000,1.65699825,21879251.96526850
2017-12-15 10:00:00,0.00005829,0.00005929,0.00005450,0.00005590,203831.00000000,1513335599999,11.47894415,313,59289.00000000,3.33435939,21897856.63596446
2017-12-15 11:00:00,0.00005591,0.00005699,0.00005401,0.00005530,146875.00000000,1513339199999,8.15175230,229,87080.00000000,4.86315027,21890587.26105260
2017-12-15 12:00:00,0.00005530,0.00005864,0.00005403,0.00005701,94380.00000000,1513342799999,5.21302810,200,50020.00000000,2.77626985,21853354.98809282
2017-12-15 13:00:00,0.00005728,0.00005863,0.00005623,0.00005861,94115.00000000,1513346399999,5.40204099,187,30462.00000000,1.74879286,21891816.28502697
2017-12-15 14:00:00,0.00005861,0.00005861,0.00005603,0.00005798,99677.00000000,1513349999999,5.69206872,200,44361.00000000,2.53514423,21956837.62074449
2017-12-15 15:00:00,0.00005782,0.00005900,0.00005691,0.00005779,77655.00000000,1513353599999,4.49142607,204,52827.00000000,3.06823837,21965548.64674449
2017-12-15 16:00:00,0.00005779,0.00005866,0.00005640,0.00005730,72633.00000000,1513357199999,4.13902697,204,24286.00000000,1.38588404,21969420.01674449
2017-12-15 17:00:00,0.00005677,0.00005798,0.00005677,0.00005751,67125.00000000,1513360799999,3.85575564,151,33860.00000000,1.95045426,21964700.36449115
2017-12-15 18:00:00,0.00005755,0.00005795,0.00005588,0.00005730,116690.00000000,1513364399999,6.63786647,164,22683.00000000,1.29578350,22056657.33328053
2017-12-15 19:00:00,0.00005730,0.00005850,0.00005650,0.00005759,73776.00000000,1513367999999,4.23802279,149,36051.00000000,2.08006696,22068581.55178295
2017-12-15 20:00:00,0.00005761,0.00005898,0.00005761,0.00005844,44355.00000000,1513371599999,2.58476378,130,16334.00000000,0.95384057,22071511.83644171
2017-12-15 21:00:00,0.00005844,0.00006125,0.00005844,0.00006090,112209.00000000,1513375199999,6.66682496,236,57302.00000000,3.41140966,22075959.44530047
2017-12-15 22:00:00,0.00005904,0.00006120,0.00005900,0.00006119,69654.00000000,1513378799999,4.20726290,148,11619.00000000,0.70689565,22075690.08054048
2017-12-15 23:00:00,0.00006099,0.00006844,0.00006050,0.00006777,466676.00000000,1513382399999,30.01712732,827,306087.00000000,19.63158780,22071158.37354048
2017-12-16 00:00:00,0.00006777,0.00007900,0.00006706,0.00007160,1013967.00000000,1513385999999,74.57038677,2132,583253.00000000,42.97319254,22295481.80221189
2017-12-16 01:00:00,0.00007161,0.00007800,0.00007014,0.00007405,669356.00000000,1513389599999,49.58966584,1089,274960.00000000,20.48376005,22303062.34165449
2017-12-16 02:00:00,0.00007405,0.00007765,0.00007100,0.00007500,347226.00000000,1513393199999,25.55624576,738,182556.00000000,13.48457007,22475940.41750755
2017-12-16 03:00:00,0.00007405,0.00007940,0.00007405,0.00007850,373023.00000000,1513396799999,29.13553116,683,190040.00000000,14.89827068,22505015.27323334
2017-12-16 04:00:00,0.00007850,0.00007890,0.00007201,0.00007714,254559.00000000,1513400399999,19.33294024,513,124276.00000000,9.47808332,22492492.77238024
2017-12-16 05:00:00,0.00007709,0.00007856,0.00007533,0.00007540,145396.00000000,1513403999999,11.16739088,381,54613.00000000,4.23236548,22682171.17775654
2017-12-16 06:00:00,0.00007541,0.00007799,0.00007358,0.00007458,202128.00000000,1513407599999,15.30089221,367,96948.00000000,7.35719317,22714805.75975654
2017-12-16 07:00:00,0.00007458,0.00007590,0.00007104,0.00007169,315521.00000000,1513411199999,23.03343737,489,87343.00000000,6.41044617,22742270.99297556
2017-12-16 08:00:00,0.00007291,0.00007599,0.00007217,0.00007405,121902.00000000,1513414799999,9.05238260,348,67460.00000000,5.00461417,22747678.58936494
2017-12-16 09:00:00,0.00007408,0.00008755,0.00007408,0.00008349,509337.00000000,1513418399999,41.72723907,1147,290152.00000000,23.67853991,22781188.98756822
2017-12-16 10:00:00,0.00008350,0.00010499,0.00008202,0.00010022,1399706.00000000,1513421999999,131.32375654,2619,749017.00000000,70.19358713,22833615.14098963
2017-12-16 11:00:00,0.00010010,0.00011700,0.00009000,0.00009700,3079439.00000000,1513425599999,315.28591990,5459,1404283.00000000,143.81060710,23509792.94336435
2017-12-16 12:00:00,0.00009625,0.00010663,0.00009446,0.00010000,871774.00000000,1513429199999,87.98081063,2102,393182.00000000,39.75609183,23589524.55278367
2017-12-16 13:00:00,0.00010000,0.00010150,0.00008700,0.00009360,1492861.00000000,1513432799999,139.17327374,2188,580858.00000000,54.18302604,23760918.41102017
2017-12-16 14:00:00,0.00009369,0.00009642,0.00008999,0.00009000,629952.00000000,1513436399999,58.52159532,1160,210044.00000000,19.62301326,24073664.16055898
2017-12-16 15:00:00,0.00009000,0.00009298,0.00008300,0.00008600,771116.00000000,1513439999999,67.92115682,1424,310930.00000000,27.36108431,24087801.91362131
2017-12-16 16:00:00,0.00008520,0.00009987,0.00008420,0.00009450,894495.00000000,1513443599999,84.58052089,1859,500289.00000000,47.34206214,24147328.48868152
2017-12-16 17:00:00,0.00009450,0.00010900,0.00009310,0.00010329,1366719.00000000,1513447199999,139.66682101,2576,729150.00000000,74.15652906,24263260.17592391
2017-12-16 18:00:00,0.00010500,0.00010700,0.00009899,0.00009980,1012219.00000000,1513450799999,104.04346108,2161,533087.00000000,55.02698095,24339381.76272896
2017-12-16 19:00:00,0.00009980,0.00010200,0.00009321,0.00009700,568575.00000000,1513454399999,56.03773013,1486,242426.00000000,23.98214888,25619418.88779167
2017-12-16 20:00:00,0.00009698,0.00010010,0.00009693,0.00009917,516464.00000000,1513457999999,51.11856176,926,338821.00000000,33.57838096,25652437.24202159
2017-12-16 21:00:00,0.00009920,0.00010500,0.00009561,0.00010118,742849.00000000,1513461599999,74.67514592,1662,382810.00000000,38.62740007,25703476.92458161
2017-12-16 22:00:00,0.00010116,0.00010150,0.00009801,0.00010066,361853.00000000,1513465199999,36.25396947,873,207573.00000000,20.84763571,25709670.43059822
2017-12-16 23:00:00,0.00010066,0.00010701,0.00010011,0.00010700,683241.00000000,1513468799999,71.00468631,1529,390405.00000000,40.59943300,25845807.08171667
2017-12-17 00:00:00,0.00010697,0.00011820,0.00010350,0.00011765,889186.00000000,1513472399999,98.72075812,2056,533013.00000000,59.33272003,26055466.90406384
2017-12-17 01:00:00,0.00011828,0.00012325,0.00011380,0.00011898,1123567.00000000,1513475999999,133.75575592,2260,452708.00000000,54.15100871,26093037.38050343
2017-12-17 02:00:00,0.00011898,0.00012350,0.00011651,0.00012320,515599.00000000,1513479599999,62.15329272,1138,289045.00000000,34.92689049,26098470.89207581
2017-12-17 03:00:00,0.00012320,0.00012340,0.00011065,0.00011108,591928.00000000,1513483199999,68.68851902,1337,160863.00000000,18.73546040,26278447.45655483
2017-12-17 04:00:00,0.00011011,0.00011425,0.00010619,0.00011093,437038.00000000,1513486799999,48.32588475,1017,175992.00000000,19.58207131,26298936.56085483
2017-12-17 05:00:00,0.00011093,0.00011499,0.00010900,0.00010903,347657.00000000,1513490399999,39.24536704,774,141764.00000000,16.00934405,26497860.31744297
2017-12-17 06:00:00,0.00010903,0.00011200,0.00010400,0.00010581,404973.00000000,1513493999999,43.57350208,1005,138331.00000000,14.96732935,26528484.01327235
2017-12-17 07:00:00,0.00010580,0.00010845,0.00010384,0.00010598,219199.00000000,1513497599999,23.20984923,656,108687.00000000,11.52322924,26546665.97484298
2017-12-17 08:00:00,0.00010598,0.00010598,0.00010020,0.00010200,337697.00000000,1513501199999,34.59193362,787,162760.00000000,16.67720256,26557768.39169019
2017-12-17 09:00:00,0.00010212,0.00010900,0.00010100,0.00010730,407179.00000000,1513504799999,41.80338621,873,226226.00000000,23.31260345,26604714.93851394
2017-12-17 10:00:00,0.00010733,0.00011472,0.00010452,0.00010630,643195.00000000,1513508399999,70.80519864,1421,226590.00000000,25.06994643,26705951.94081429
2017-12-17 11:00:00,0.00010630,0.00010700,0.00010130,0.00010131,356241.00000000,1513511999999,36.98210825,844,148960.00000000,15.51196978,26780062.05704843
2017-12-17 12:00:00,0.00010131,0.00010151,0.00009163,0.00009750,760623.00000000,1513515599999,73.25088764,1446,328836.00000000,31.68701944,26816008.04338122
2017-12-17 13:00:00,0.00009755,0.00010555,0.00009755,0.00010184,321115.00000000,1513519199999,32.97278635,978,162488.00000000,16.67669823,26798207.35638122
2017-12-17 14:00:00,0.00010175,0.00010849,0.00009949,0.00010488,274949.00000000,1513522799999,28.45599300,753,142026.00000000,14.79494896,26817139.90304115
2017-12-17 15:00:00,0.00010489,0.00010677,0.00010100,0.00010401,205722.00000000,1513526399999,21.39695123,611,81228.00000000,8.49108252,26854360.19180051
2017-12-17 16:00:00,0.00010408,0.00010408,0.00009805,0.00009929,294355.00000000,1513529999999,29.89201666,799,119047.00000000,12.11870023,26866478.03331958
2017-12-17 17:00:00,0.00009935,0.00010302,0.00009600,0.00009828,280895.00000000,1513533599999,28.28767285,818,123542.00000000,12.49598415,26863657.60603711
2017-12-17 18:00:00,0.00009967,0.00010180,0.00009742,0.00010159,222557.00000000,1513537199999,22.29373533,868,118255.00000000,11.87862965,26864281.37006718
2017-12-17 19:00:00,0.00010159,0.00010810,0.00009990,0.00010600,352471.00000000,1513540799999,36.45446283,1089,161488.00000000,16.69951931,26889339.40092594
2017-12-17 20:00:00,0.00010673,0.00010845,0.00010015,0.00010659,255392.00000000,1513544399999,26.71631662,816,111461.00000000,11.71865160,26981435.41535532
2017-12-17 21:00:00,0.00010659,0.00011387,0.00010400,0.00011350,464557.00000000,1513547999999,50.94409623,1237,226596.00000000,24.97963854,27430531.66094587
2017-12-17 22:00:00,0.00011261,0.00011331,0.00010200,0.00010434,450378.00000000,1513551599999,48.41008618,1075,133089.00000000,14.47270606,27436167.81957525
2017-12-17 23:00:00,0.00010433,0.00010791,0.00010280,0.00010529,305851.00000000,1513555199999,32.28708644,637,121089.00000000,12.83703150,27736188.61843401
2017-12-18 00:00:00,0.00010556,0.00011224,0.00010521,0.00010921,317424.00000000,1513558799999,34.45938481,668,159516.00000000,17.36879596,27915409.70029277
2017-12-18 01:00:00,0.00010923,0.00011031,0.00009913,0.00010750,329527.00000000,1513562399999,34.47558160,785,104796.00000000,11.08714521,27921337.65003277
2017-12-18 02:00:00,0.00010750,0.00011097,0.00010688,0.00010691,139237.00000000,1513565999999,15.05616412,499,59895.00000000,6.49746396,27920770.95086215
2017-12-18 03:00:00,0.00010749,0.00011399,0.00010688,0.00011101,268629.00000000,1513569599999,29.63099864,691,116792.00000000,12.99381450,27959738.86915528
2017-12-18 04:00:00,0.00010980,0.00011250,0.00010700,0.00010985,169018.00000000,1513573199999,18.60784104,508,48286.00000000,5.35150826,27988484.55115528
2017-12-18 05:00:00,0.00010977,0.00010999,0.00010400,0.00010404,187149.00000000,1513576799999,19.93562402,544,67536.00000000,7.17463376,27995500.30858466
2017-12-18 06:00:00,0.00010404,0.00010555,0.00009990,0.00010164,347085.00000000,1513580399999,35.17775158,876,136300.00000000,13.81044809,28037108.35896417
2017-12-18 07:00:00,0.00010068,0.00010555,0.00009861,0.00010000,247761.00000000,1513583999999,24.97777307,795,111592.00000000,11.27991201,28044902.56039354
2017-12-18 08:00:00,0.00010000,0.00010463,0.00009959,0.00009960,227147.00000000,1513587599999,22.89926134,607,88563.00000000,8.96006899,28045837.32982292
2017-12-18 09:00:00,0.00009960,0.00010417,0.00009407,0.00010171,367537.00000000,1513591199999,36.53335976,1018,130748.00000000,13.12490847,28082581.52345230
2017-12-18 10:00:00,0.00010181,0.00010393,0.00010001,0.00010235,166700.00000000,1513594799999,16.97730517,510,77662.00000000,7.94888292,28188605.13569507
2017-12-18 11:00:00,0.00010235,0.00010420,0.00009801,0.00010389,291073.00000000,1513598399999,29.24943778,756,97210.00000000,9.83021682,28187709.37608115
2017-12-18 12:00:00,0.00010256,0.00010550,0.00009300,0.00009300,359868.00000000,1513600155353,34.88039701,829,128320.00000000,12.54697334,28138747.66303630
2017-12-18 13:00:00,0.00009299,0.00010500,0.00008350,0.00010500,524626.00000000,1513605599999,48.27863446,1271,237766.00000000,22.54245999,0
2017-12-18 14:00:00,0.00010400,0.00010535,0.00009650,0.00009872,285720.00000000,1513609199999,28.65807241,1065,153814.00000000,15.54487253,0
2017-12-18 15:00:00,0.00009872,0.00009998,0.00009573,0.00009944,179091.00000000,1513612799999,17.66537034,638,94656.00000000,9.36504243,0
2017-12-18 16:00:00,0.00009944,0.00011470,0.00009733,0.00009900,764360.00000000,1513616399999,79.29045087,1703,395377.00000000,41.55185368,0
2017-12-18 17:00:00,0.00009898,0.00010129,0.00009573,0.00009650,274589.00000000,1513619999999,26.87825070,831,89663.00000000,8.79615735,0
2017-12-18 18:00:00,0.00009644,0.00009650,0.00008650,0.00009079,682599.00000000,1513623599999,61.61566947,1466,238071.00000000,21.50477033,0
2017-12-18 19:00:00,0.00009079,0.00009583,0.00008750,0.00009450,496718.00000000,1513627199999,45.06901791,1228,266628.00000000,24.29091823,0
2017-12-18 20:00:00,0.00009450,0.00009641,0.00009057,0.00009199,296552.00000000,1513630799999,27.57502862,1054,120282.00000000,11.19993842,0
2017-12-18 21:00:00,0.00009199,0.00009926,0.00009186,0.00009920,337803.00000000,1513634399999,32.50298972,1223,147504.00000000,14.24218792,0
2017-12-18 22:00:00,0.00009900,0.00010800,0.00009863,0.00010171,502102.00000000,1513637999999,51.82434903,1295,259110.00000000,26.70408557,0
2017-12-18 23:00:00,0.00010175,0.00010339,0.00009688,0.00009750,352370.00000000,1513641599999,35.19972809,904,137072.00000000,13.81564719,0
2017-12-19 00:00:00,0.00010067,0.00010111,0.00009725,0.00009920,256470.00000000,1513645199999,25.33954472,709,118185.00000000,11.67959450,0
2017-12-19 01:00:00,0.00009900,0.00010248,0.00009829,0.00010073,225322.00000000,1513648799999,22.65986390,615,104718.00000000,10.53939561,0
2017-12-19 02:00:00,0.00010073,0.00010091,0.00009853,0.00010021,183756.00000000,1513652399999,18.38619947,599,87323.00000000,8.73890624,0
2017-12-19 03:00:00,0.00010022,0.00010100,0.00009840,0.00009885,186173.00000000,1513655999999,18.56415287,574,94056.00000000,9.40493149,0
2017-12-19 04:00:00,0.00009900,0.00009998,0.00009334,0.00009698,270234.00000000,1513659599999,26.43298525,724,86711.00000000,8.56150740,0
2017-12-19 05:00:00,0.00009698,0.00009990,0.00009620,0.00009854,206717.00000000,1513663199999,20.39840171,549,78757.00000000,7.77366813,0
2017-12-19 06:00:00,0.00009853,0.00009854,0.00009600,0.00009700,186305.00000000,1513666799999,18.04234675,714,70109.00000000,6.80449309,0
2017-12-19 07:00:00,0.00009699,0.00009850,0.00009529,0.00009740,153547.00000000,1513670399999,14.85150281,558,75648.00000000,7.31465876,0
2017-12-19 08:00:00,0.00009739,0.00009795,0.00009500,0.00009629,196697.00000000,1513673999999,18.96171735,558,59069.00000000,5.72087224,0
2017-12-19 09:00:00,0.00009636,0.00009809,0.00009636,0.00009666,165340.00000000,1513677599999,16.04090797,607,52371.00000000,5.08840411,0
2017-12-19 10:00:00,0.00009692,0.00009728,0.00009200,0.00009269,292273.00000000,1513681199999,27.53690859,791,106451.00000000,10.04551318,0
2017-12-19 11:00:00,0.00009460,0.00009460,0.00009033,0.00009200,203260.00000000,1513684799999,18.72195440,692,72973.00000000,6.73931252,0
2017-12-19 12:00:00,0.00009215,0.00009899,0.00009120,0.00009505,194887.00000000,1513688399999,18.71268281,695,107025.00000000,10.30898188,0
2017-12-19 13:00:00,0.00009668,0.00009977,0.00009542,0.00009543,155105.00000000,1513691999999,15.16234281,520,82178.00000000,8.06786119,0
2017-12-19 14:00:00,0.00009683,0.00009695,0.00009380,0.00009564,210212.00000000,1513695599999,20.00164718,650,59030.00000000,5.63203979,0
2017-12-19 15:00:00,0.00009500,0.00009590,0.00009305,0.00009549,212732.00000000,1513699199999,20.16687806,523,58785.00000000,5.59651945,0
2017-12-19 16:00:00,0.00009603,0.00010230,0.00009545,0.00009921,397099.00000000,1513702799999,39.57347905,787,202493.00000000,20.15787074,0
2017-12-19 17:00:00,0.00009916,0.00009998,0.00009500,0.00009500,210637.00000000,1513706399999,20.36473590,575,81683.00000000,7.91058937,0
2017-12-19 18:00:00,0.00009500,0.00009971,0.00009420,0.00009680,228195.00000000,1513709999999,22.13654295,631,132890.00000000,12.89909759,0
2017-12-19 19:00:00,0.00009680,0.00009968,0.00009600,0.00009762,227308.00000000,1513713599999,22.13429048,525,153981.00000000,15.01044388,0
2017-12-19 20:00:00,0.00009713,0.00009792,0.00009443,0.00009747,182307.00000000,1513717199999,17.55102261,517,62324.00000000,6.03017723,0
2017-12-19 21:00:00,0.00009788,0.00009969,0.00009510,0.00009544,258574.00000000,1513720799999,25.25749090,688,102066.00000000,10.04671550,0
2017-12-19 22:00:00,0.00009511,0.00009797,0.00009104,0.00009565,264013.00000000,1513724399999,24.91334803,619,62829.00000000,5.97306500,0
2017-12-19 23:00:00,0.00009565,0.00009749,0.00009460,0.00009749,85040.00000000,1513727999999,8.19942471,279,37815.00000000,3.64970690,0
2017-12-20 00:00:00,0.00009749,0.00009749,0.00008610,0.00009520,591385.00000000,1513731599999,54.16285979,1091,203134.00000000,18.79140482,0
2017-12-20 01:00:00,0.00009135,0.00009520,0.00008600,0.00008604,291841.00000000,1513735199999,25.74851818,657,117114.00000000,10.32573881,0
2017-12-20 02:00:00,0.00008681,0.00009152,0.00008680,0.00009063,164861.00000000,1513738799999,14.59264141,461,86145.00000000,7.62620615,0
2017-12-20 03:00:00,0.00009128,0.00009677,0.00009063,0.00009470,183977.00000000,1513742399999,17.33051387,416,83079.00000000,7.83225832,0
2017-12-20 04:00:00,0.00009480,0.00009527,0.00009216,0.00009527,102332.00000000,1513745999999,9.63380162,259,46900.00000000,4.43015635,0
2017-12-20 05:00:00,0.00009500,0.00009556,0.00009250,0.00009318,131998.00000000,1513749599999,12.48397407,311,62835.00000000,5.96461113,0
2017-12-20 06:00:00,0.00009319,0.00009325,0.00008809,0.00008980,198009.00000000,1513753199999,18.08659668,441,77521.00000000,7.08810003,0
2017-12-20 07:00:00,0.00008980,0.00009255,0.00008891,0.00009251,126653.00000000,1513756799999,11.41653635,307,63918.00000000,5.76349110,0
2017-12-20 08:00:00,0.00009252,0.00009400,0.00009000,0.00009390,140620.00000000,1513760399999,12.92280068,357,52986.00000000,4.89158599,0
2017-12-20 09:00:00,0.00009389,0.00009549,0.00009302,0.00009543,105184.00000000,1513763999999,9.89443632,321,38455.00000000,3.62393912,0
2017-12-20 10:00:00,0.00009543,0.00009820,0.00009300,0.00009319,169866.00000000,1513767599999,16.29016311,483,87662.00000000,8.46015219,0
2017-12-20 11:00:00,0.00009300,0.00009775,0.00009200,0.00009483,147146.00000000,1513771199999,13.91118927,451,82162.00000000,7.76044428,0
2017-12-20 12:00:00,0.00009484,0.00009750,0.00009300,0.00009500,177162.00000000,1513774799999,16.81075281,479,94450.00000000,9.00203648,0
2017-12-20 13:00:00,0.00009500,0.00009637,0.00009253,0.00009465,181309.00000000,1513778399999,17.08214175,435,81956.00000000,7.75108430,0
2017-12-20 14:00:00,0.00009620,0.00009637,0.00009304,0.00009470,115569.00000000,1513781999999,10.92153498,361,53525.00000000,5.06330041,0
2017-12-20 15:00:00,0.00009469,0.00009529,0.00009300,0.00009430,151419.00000000,1513785599999,14.26743802,384,101116.00000000,9.53930925,0
2017-12-20 16:00:00,0.00009440,0.00009440,0.00009203,0.00009250,124517.00000000,1513789199999,11.59908355,294,46738.00000000,4.36008406,0
2017-12-20 17:00:00,0.00009203,0.00009251,0.00009117,0.00009186,112945.00000000,1513792799999,10.39302770,373,63109.00000000,5.81585250,0
2017-12-20 18:00:00,0.00009186,0.00009321,0.00009134,0.00009307,201207.00000000,1513796399999,18.55829738,358,145777.00000000,13.46440786,0
2017-12-20 19:00:00,0.00009307,0.00009769,0.00009218,0.00009620,201292.00000000,1513799999999,19.29056008,533,146216.00000000,14.00243936,0
2017-12-20 20:00:00,0.00009637,0.00009920,0.00009432,0.00009446,147663.00000000,1513803599999,14.41330066,585,86889.00000000,8.52057664,0
2017-12-20 21:00:00,0.00009449,0.00009700,0.00009401,0.00009461,129231.00000000,1513807199999,12.34335307,460,70363.00000000,6.74786431,0
2017-12-20 22:00:00,0.00009461,0.00009614,0.00009244,0.00009558,178938.00000000,1513810799999,16.93816021,471,57668.00000000,5.49907064,0
2017-12-20 23:00:00,0.00009570,0.00009709,0.00009416,0.00009624,158712.00000000,1513814399999,15.19500935,467,70602.00000000,6.78973011,0
2017-12-21 00:00:00,0.00009624,0.00009899,0.00009600,0.00009897,134214.00000000,1513817999999,13.06413076,325,74354.00000000,7.24864573,0
2017-12-21 01:00:00,0.00009899,0.00009980,0.00009750,0.00009900,194540.00000000,1513821599999,19.25018951,476,95480.00000000,9.47082254,0
2017-12-21 02:00:00,0.00009965,0.00010292,0.00009704,0.00010292,208889.00000000,1513825199999,20.91507519,643,94264.00000000,9.45685094,0
2017-12-21 03:00:00,0.00010292,0.00010779,0.00009850,0.00010600,410817.00000000,1513828799999,42.94410563,875,218500.00000000,22.96969389,0
2017-12-21 04:00:00,0.00010600,0.00011640,0.00010200,0.00011580,489098.00000000,1513832399999,54.04750920,1057,286286.00000000,31.71040329,0
2017-12-21 05:00:00,0.00011579,0.00012099,0.00011302,0.00011501,488521.00000000,1513835999999,57.00382728,1031,286534.00000000,33.54049199,0
2017-12-21 06:00:00,0.00011502,0.00011543,0.00010600,0.00010954,323682.00000000,1513839599999,35.52159277,755,184117.00000000,20.24184546,0
2017-12-21 07:00:00,0.00010906,0.00010954,0.00010452,0.00010950,194839.00000000,1513843199999,21.03996338,556,97316.00000000,10.52618035,0
2017-12-21 08:00:00,0.00010954,0.00011186,0.00010600,0.00010712,166924.00000000,1513846799999,18.07393857,486,86422.00000000,9.37701898,0
2017-12-21 09:00:00,0.00010712,0.00010980,0.00010609,0.00010726,126508.00000000,1513850399999,13.61376624,411,47759.00000000,5.15386358,0
2017-12-21 10:00:00,0.00010726,0.00011350,0.00010726,0.00011126,97375.00000000,1513853999999,10.70578719,382,61622.00000000,6.76118257,0
2017-12-21 11:00:00,0.00011126,0.00011128,0.00010886,0.00011000,107971.00000000,1513857599999,11.93720234,369,56272.00000000,6.23145104,0
2017-12-21 12:00:00,0.00010999,0.00011126,0.00010803,0.00011065,96697.00000000,1513861199999,10.66375278,375,49053.00000000,5.42193263,0
2017-12-21 13:00:00,0.00011067,0.00011693,0.00011066,0.00011258,243109.00000000,1513864799999,27.59717848,601,105066.00000000,11.96062504,0
2017-12-21 14:00:00,0.00011118,0.00011496,0.00011037,0.00011137,165227.00000000,1513868399999,18.54121640,470,76877.00000000,8.64381155,0
2017-12-21 15:00:00,0.00011134,0.00011134,0.00010187,0.00010200,263007.00000000,1513871999999,27.72800268,694,100235.00000000,10.58979410,0
2017-12-21 16:00:00,0.00010200,0.00010796,0.00009898,0.00010511,309564.00000000,1513875599999,31.91462743,887,113017.00000000,11.65487152,0
2017-12-21 17:00:00,0.00010512,0.00011410,0.00010200,0.00010500,307452.00000000,1513879199999,33.11765632,737,90479.00000000,9.84016303,0
2017-12-21 18:00:00,0.00010597,0.00010900,0.00010212,0.00010687,176263.00000000,1513882799999,18.67907525,517,71545.00000000,7.65851145,0
2017-12-21 19:00:00,0.00010800,0.00010893,0.00010308,0.00010488,103673.00000000,1513886399999,10.99918875,531,45906.00000000,4.88326956,0
2017-12-21 20:00:00,0.00010480,0.00011100,0.00010401,0.00010700,100511.00000000,1513889999999,10.72753324,469,51648.00000000,5.52424305,0
2017-12-21 21:00:00,0.00010785,0.00011100,0.00010603,0.00011100,119914.00000000,1513893599999,13.01451259,395,67545.00000000,7.33986059,0
2017-12-21 22:00:00,0.00011050,0.00011200,0.00010701,0.00010809,150155.00000000,1513897199999,16.61488217,485,62023.00000000,6.86974247,0
2017-12-21 23:00:00,0.00010809,0.00011240,0.00010710,0.00010857,124928.00000000,1513900799999,13.75248878,453,66253.00000000,7.32062478,0
2017-12-22 00:00:00,0.00010976,0.00010998,0.00010650,0.00010770,182688.00000000,1513904399999,19.74743913,540,104581.00000000,11.34456627,0
2017-12-22 01:00:00,0.00010762,0.00010977,0.00010600,0.00010629,129318.00000000,1513907999999,13.86606597,398,53010.00000000,5.69781557,0
2017-12-22 02:00:00,0.00010629,0.00010680,0.00010312,0.00010493,152705.00000000,1513911599999,16.07210793,438,66090.00000000,6.98689958,0
2017-12-22 03:00:00,0.00010412,0.00010498,0.00010000,0.00010106,262122.00000000,1513915199999,26.53461993,519,55621.00000000,5.64665937,0
2017-12-22 04:00:00,0.00010104,0.00010874,0.00010102,0.00010873,134605.00000000,1513918799999,14.08745037,427,56751.00000000,5.92545665,0
2017-12-22 05:00:00,0.00010873,0.00010873,0.00010604,0.00010766,74223.00000000,1513922399999,7.95277853,209,33859.00000000,3.63109088,0
2017-12-22 06:00:00,0.00010766,0.00010919,0.00010726,0.00010800,77584.00000000,1513925999999,8.40702618,220,35769.00000000,3.87905325,0
2017-12-22 07:00:00,0.00010753,0.00010919,0.00010200,0.00010200,126123.00000000,1513929599999,13.34718458,435,27876.00000000,2.96213426,0
2017-12-22 08:00:00,0.00010200,0.00010348,0.00009979,0.00010300,125795.00000000,1513933199999,12.73629851,401,59171.00000000,6.00434467,0
2017-12-22 09:00:00,0.00010262,0.00010830,0.00009900,0.00010362,150990.00000000,1513936799999,15.56276966,444,70454.00000000,7.34895428,0
2017-12-22 10:00:00,0.00010348,0.00010900,0.00010348,0.00010382,85916.00000000,1513940399999,9.11337989,232,53895.00000000,5.74100413,0
2017-12-22 11:00:00,0.00010380,0.00010380,0.00010161,0.00010296,70895.00000000,1513943999999,7.28868957,214,39330.00000000,4.04830992,0
2017-12-22 12:00:00,0.00010215,0.00010750,0.00010195,0.00010738,59894.00000000,1513947599999,6.25443119,265,33366.00000000,3.48841644,0
2017-12-22 13:00:00,0.00010655,0.00010727,0.00010017,0.00010109,86534.00000000,1513951199999,8.90949294,302,28618.00000000,2.93684056,0
2017-12-22 14:00:00,0.00010110,0.00010192,0.00009250,0.00009370,191713.00000000,1513954799999,18.68408943,571,54694.00000000,5.31501922,0
2017-12-22 15:00:00,0.00009329,0.00010189,0.00009329,0.00010001,98372.00000000,1513958399999,9.72598367,404,56071.00000000,5.54509925,0
2017-12-22 16:00:00,0.00010003,0.00010201,0.00009711,0.00009711,174218.00000000,1513961999999,17.25559962,396,49041.00000000,4.88593242,0
2017-12-22 17:00:00,0.00009711,0.00009966,0.00009711,0.00009837,77888.00000000,1513965599999,7.61549578,301,41570.00000000,4.06649516,0
2017-12-22 18:00:00,0.00009834,0.00010600,0.00009834,0.00010589,105183.00000000,1513969199999,10.78936916,417,52753.00000000,5.43296286,0
2017-12-22 19:00:00,0.00010581,0.00010581,0.00010301,0.00010500,70637.00000000,1513972799999,7.37562575,240,21413.00000000,2.24774094,0
2017-12-22 20:00:00,0.00010500,0.00010748,0.00010446,0.00010475,134678.00000000,1513976399999,14.20196412,267,59536.00000000,6.28096682,0
2017-12-22 21:00:00,0.00010460,0.00010872,0.00010452,0.00010724,121510.00000000,1513979999999,13.03850691,324,77240.00000000,8.30116110,0
2017-12-22 22:00:00,0.00010800,0.00010994,0.00010729,0.00010900,108324.00000000,1513983599999,11.78201781,269,46667.00000000,5.07096769,0
2017-12-22 23:00:00,0.00010910,0.00010993,0.00010350,0.00010425,131515.00000000,1513987199999,13.93052998,357,40063.00000000,4.22840887,0
2017-12-23 00:00:00,0.00010410,0.00010821,0.00010301,0.00010800,62159.00000000,1513990799999,6.56308828,230,36525.00000000,3.86020317,0
2017-12-23 01:00:00,0.00010721,0.00011090,0.00010708,0.00010904,100121.00000000,1513994399999,10.91082012,251,59965.00000000,6.54747483,0
2017-12-23 02:00:00,0.00010910,0.00011200,0.00010903,0.00011176,120984.00000000,1513997999999,13.33187035,293,77005.00000000,8.48960622,0
2017-12-23 03:00:00,0.00011176,0.00011500,0.00011123,0.00011405,119254.00000000,1514001599999,13.43034530,272,75750.00000000,8.54929826,0
2017-12-23 04:00:00,0.00011400,0.00012100,0.00011400,0.00012000,397059.00000000,1514005199999,47.01175273,780,250238.00000000,29.69510226,0
2017-12-23 05:00:00,0.00011983,0.00012015,0.00011201,0.00011590,145259.00000000,1514008799999,16.96695489,412,55153.00000000,6.46704298,0
2017-12-23 06:00:00,0.00011591,0.00011859,0.00011000,0.00011459,146740.00000000,1514012399999,16.83635067,388,51823.00000000,6.00954459,0
2017-12-23 07:00:00,0.00011580,0.00011699,0.00010550,0.00011101,203450.00000000,1514015999999,22.36235489,520,81183.00000000,9.00108988,0
2017-12-23 08:00:00,0.00011102,0.00011825,0.00010958,0.00011006,150319.00000000,1514019599999,16.96388631,445,67290.00000000,7.59293854,0
2017-12-23 09:00:00,0.00011116,0.00011800,0.00011112,0.00011716,94300.00000000,1514023199999,10.96682498,381,50378.00000000,5.85072452,0
2017-12-23 10:00:00,0.00011715,0.00011798,0.00011482,0.00011712,84510.00000000,1514026799999,9.90866583,279,39736.00000000,4.65662899,0
2017-12-23 11:00:00,0.00011772,0.00011773,0.00011351,0.00011430,90907.00000000,1514030399999,10.51871367,352,46957.00000000,5.42784272,0
2017-12-23 12:00:00,0.00011414,0.00011430,0.00011150,0.00011152,116503.00000000,1514033999999,13.17374545,459,51784.00000000,5.87680641,0
2017-12-23 13:00:00,0.00011187,0.00011399,0.00011000,0.00011204,181428.00000000,1514037599999,20.23112916,449,65536.00000000,7.33539057,0
2017-12-23 14:00:00,0.00011204,0.00011300,0.00011000,0.00011020,129487.00000000,1514041199999,14.42853187,367,48694.00000000,5.43512694,0
2017-12-23 15:00:00,0.00011020,0.00011135,0.00010816,0.00010816,152139.00000000,1514044799999,16.68910770,542,60413.00000000,6.63806358,0
2017-12-23 16:00:00,0.00010802,0.00011587,0.00010622,0.00011301,261317.00000000,1514048399999,29.22905120,777,144481.00000000,16.19414141,0
2017-12-23 17:00:00,0.00011301,0.00011417,0.00010583,0.00011216,214397.00000000,1514051999999,23.56079125,621,84315.00000000,9.25660379,0
2017-12-23 18:00:00,0.00011216,0.00011399,0.00010701,0.00011399,107888.00000000,1514055599999,12.06481858,393,60724.00000000,6.80495740,0
2017-12-23 19:00:00,0.00011399,0.00012105,0.00011349,0.00011528,352028.00000000,1514059199999,41.56675070,858,170115.00000000,20.05453570,0
2017-12-23 20:00:00,0.00011521,0.00012200,0.00011255,0.00012147,355814.00000000,1514062799999,41.55834384,931,171753.00000000,20.12822311,0
2017-12-23 21:00:00,0.00012145,0.00013400,0.00012001,0.00013400,469027.00000000,1514066399999,59.17901847,1303,303367.00000000,38.47637474,0
2017-12-23 22:00:00,0.00013102,0.00013399,0.00012501,0.00012901,262221.00000000,1514069999999,33.45069304,768,125459.00000000,16.02215611,0
2017-12-23 23:00:00,0.00012919,0.00012991,0.00012003,0.00012201,265178.00000000,1514073599999,33.44768248,788,86777.00000000,11.01024914,0
2017-12-24 00:00:00,0.00012253,0.00012725,0.00011900,0.00012601,158044.00000000,1514077199999,19.39867226,540,61237.00000000,7.56922990,0
2017-12-24 01:00:00,0.00012601,0.00013000,0.00012206,0.00012632,137443.00000000,1514080799999,17.47271770,367,87253.00000000,11.12193598,0
2017-12-24 02:00:00,0.00012632,0.00012632,0.00012215,0.00012215,85349.00000000,1514084399999,10.66686397,302,27165.00000000,3.41309666,0
2017-12-24 03:00:00,0.00012176,0.00012622,0.00012151,0.00012561,52676.00000000,1514087999999,6.53262893,222,20524.00000000,2.55416605,0
2017-12-24 04:00:00,0.00012401,0.00012695,0.00012000,0.00012190,124017.00000000,1514091599999,15.26647184,352,44223.00000000,5.46851117,0
2017-12-24 05:00:00,0.00012263,0.00012598,0.00011900,0.00012594,89666.00000000,1514095199999,10.91114469,282,34291.00000000,4.19644240,0
2017-12-24 06:00:00,0.00012339,0.00012900,0.00012210,0.00012897,53438.00000000,1514098799999,6.69932159,254,32176.00000000,4.04956165,0
2017-12-24 07:00:00,0.00012722,0.00013438,0.00011960,0.00012977,176899.00000000,1514102399999,22.92417938,627,79814.00000000,10.48039569,0
2017-12-24 08:00:00,0.00012977,0.00013400,0.00012780,0.00012951,110433.00000000,1514105999999,14.38896483,447,52273.00000000,6.84108003,0
2017-12-24 09:00:00,0.00012951,0.00013065,0.00012811,0.00013059,50358.00000000,1514109599999,6.51227312,205,27024.00000000,3.49685740,0
2017-12-24 10:00:00,0.00013059,0.00013059,0.00012250,0.00012369,103306.00000000,1514113199999,12.94107108,455,34967.00000000,4.38648842,0
2017-12-24 11:00:00,0.00012368,0.00012390,0.00012100,0.00012120,69430.00000000,1514116799999,8.51883784,311,28303.00000000,3.48490311,0
2017-12-24 12:00:00,0.00012120,0.00012309,0.00012100,0.00012147,62705.00000000,1514120399999,7.63995763,286,26424.00000000,3.22242571,0
2017-12-24 13:00:00,0.00012191,0.00012798,0.00012149,0.00012220,97906.00000000,1514123999999,12.01191400,372,59247.00000000,7.26740460,0
2017-12-24 14:00:00,0.00012377,0.00013250,0.00012278,0.00012999,110400.00000000,1514127599999,14.18048028,484,56652.00000000,7.28259344,0
2017-12-24 15:00:00,0.00012998,0.00013500,0.00012735,0.00013300,194077.00000000,1514131199999,25.52722670,551,117171.00000000,15.47634050,0
2017-12-24 16:00:00,0.00013300,0.00013361,0.00012800,0.00013240,129335.00000000,1514134799999,17.08849965,410,66976.00000000,8.87665910,0
2017-12-24 17:00:00,0.00013240,0.00013370,0.00012754,0.00012999,140771.00000000,1514138399999,18.48482913,439,77411.00000000,10.16897330,0
2017-12-24 18:00:00,0.00012999,0.00012999,0.00012703,0.00012903,76743.00000000,1514141999999,9.90888678,356,41515.00000000,5.37590803,0
2017-12-24 19:00:00,0.00012899,0.00014300,0.00012851,0.00014099,263923.00000000,1514145599999,36.04180419,745,170367.00000000,23.16103860,0
2017-12-24 20:00:00,0.00014002,0.00014266,0.00012901,0.00013118,287613.00000000,1514149199999,39.56245377,795,86351.00000000,11.97534366,0
2017-12-24 21:00:00,0.00013245,0.00014130,0.00013118,0.00013911,166732.00000000,1514152799999,23.09403721,472,63370.00000000,8.81105487,0
2017-12-24 22:00:00,0.00013912,0.00014900,0.00013701,0.00014548,227211.00000000,1514156399999,32.88896193,673,154980.00000000,22.42739828,0
2017-12-24 23:00:00,0.00014698,0.00014970,0.00014000,0.00014700,184301.00000000,1514159999999,26.87679743,677,71201.00000000,10.42175511,0
2017-12-25 00:00:00,0.00014700,0.00014880,0.00014001,0.00014099,179243.00000000,1514163599999,25.80852390,488,72613.00000000,10.53779784,0
2017-12-25 01:00:00,0.00014100,0.00014600,0.00014005,0.00014489,72283.00000000,1514167199999,10.38358980,348,41277.00000000,5.93292755,0
2017-12-25 02:00:00,0.00014489,0.00014970,0.00014206,0.00014964,98705.00000000,1514170799999,14.44528730,373,61923.00000000,9.09345298,0
2017-12-25 03:00:00,0.00014963,0.00015500,0.00014800,0.00015500,235584.00000000,1514174399999,35.95829992,631,164932.00000000,25.21194137,0
2017-12-25 04:00:00,0.00015499,0.00015902,0.00015000,0.00015200,262053.00000000,1514177999999,40.67925107,730,102361.00000000,15.91804181,0
2017-12-25 05:00:00,0.00015200,0.00015487,0.00014951,0.00014951,135403.00000000,1514181599999,20.58629486,410,72597.00000000,11.05412588,0
2017-12-25 06:00:00,0.00014950,0.00015043,0.00014300,0.00014458,122807.00000000,1514185199999,18.05421771,577,39577.00000000,5.82638956,0
2017-12-25 07:00:00,0.00014400,0.00015178,0.00014400,0.00014842,96319.00000000,1514188799999,14.35443602,458,49352.00000000,7.36729064,0
2017-12-25 08:00:00,0.00014842,0.00015478,0.00014481,0.00015470,130869.00000000,1514192399999,19.65901161,561,72723.00000000,10.94489124,0
2017-12-25 09:00:00,0.00015381,0.00015800,0.00015250,0.00015583,112066.00000000,1514195999999,17.39826450,451,41760.00000000,6.49321729,0
2017-12-25 10:00:00,0.00015582,0.00015900,0.00015414,0.00015603,189473.00000000,1514199599999,29.58510058,547,83581.00000000,13.10713695,0
2017-12-25 11:00:00,0.00015603,0.00015609,0.00015000,0.00015091,165531.00000000,1514203199999,25.31612148,687,73449.00000000,11.21671547,0
2017-12-25 12:00:00,0.00015090,0.00015096,0.00013651,0.00014175,304128.00000000,1514206799999,43.69128879,1032,144259.00000000,20.67977822,0
2017-12-25 13:00:00,0.00014100,0.00015200,0.00013927,0.00015097,170649.00000000,1514210399999,24.52617482,791,106409.00000000,15.31378782,0
2017-12-25 14:00:00,0.00015097,0.00015630,0.00014201,0.00014981,141933.00000000,1514213999999,21.41620915,580,55271.00000000,8.41255120,0
2017-12-25 15:00:00,0.00014858,0.00015100,0.00014696,0.00014835,94276.00000000,1514217599999,14.08452264,381,47333.00000000,7.08919238,0
2017-12-25 16:00:00,0.00014830,0.00014852,0.00014184,0.00014422,112530.00000000,1514221199999,16.36759227,475,51223.00000000,7.45107222,0
2017-12-25 17:00:00,0.00014422,0.00014422,0.00013993,0.00014226,151317.00000000,1514224799999,21.46658703,664,71681.00000000,10.19381565,0
2017-12-25 18:00:00,0.00014286,0.00015274,0.00014000,0.00014344,228423.00000000,1514228399999,33.11518138,997,75297.00000000,11.02026999,0
2017-12-25 19:00:00,0.00014340,0.00014999,0.00013992,0.00013993,146128.00000000,1514231999999,21.04221542,734,54354.00000000,7.89902551,0
2017-12-25 20:00:00,0.00014199,0.00014500,0.00013961,0.00013961,120543.00000000,1514235599999,17.09163055,534,68772.00000000,9.75753935,0
2017-12-25 21:00:00,0.00014174,0.00014200,0.00013749,0.00014133,84803.00000000,1514239199999,11.92463107,418,33420.00000000,4.70695607,0
2017-12-25 22:00:00,0.00014064,0.00014276,0.00013342,0.00013526,159939.00000000,1514242799999,22.08559578,761,52176.00000000,7.21059758,0
2017-12-25 23:00:00,0.00013551,0.00014000,0.00013526,0.00013667,161009.00000000,1514246399999,22.12989945,534,58609.00000000,8.09306392,0
2017-12-26 00:00:00,0.00013667,0.00013685,0.00012500,0.00013228,213803.00000000,1514249999999,28.22409684,744,69511.00000000,9.19543523,0
2017-12-26 01:00:00,0.00013228,0.00013334,0.00012661,0.00013238,191569.00000000,1514253599999,25.05387589,464,78769.00000000,10.35130573,0
2017-12-26 02:00:00,0.00013238,0.00013700,0.00012734,0.00013600,87034.00000000,1514257199999,11.56578455,392,51366.00000000,6.83819786,0
2017-12-26 03:00:00,0.00013615,0.00013878,0.00012905,0.00012905,122612.00000000,1514260799999,16.31860079,364,19157.00000000,2.57541754,0
2017-12-26 04:00:00,0.00012961,0.00013048,0.00012137,0.00012605,266773.00000000,1514264399999,33.34531679,803,97623.00000000,12.25997550,0
2017-12-26 05:00:00,0.00012568,0.00012878,0.00011601,0.00012680,344769.00000000,1514267999999,41.91063805,799,124834.00000000,15.35121748,0
2017-12-26 06:00:00,0.00012690,0.00012690,0.00012179,0.00012294,93693.00000000,1514271599999,11.69930518,385,34994.00000000,4.40158878,0
2017-12-26 07:00:00,0.00012294,0.00012428,0.00012000,0.00012035,114080.00000000,1514275199999,13.90195749,319,57142.00000000,7.00289992,0
2017-12-26 08:00:00,0.00012035,0.00012499,0.00012000,0.00012436,90549.00000000,1514278799999,11.06428191,277,43404.00000000,5.29449978,0
2017-12-26 09:00:00,0.00012437,0.00012680,0.00012100,0.00012100,122519.00000000,1514282399999,15.20589102,340,55747.00000000,6.96452958,0
2017-12-26 10:00:00,0.00012153,0.00012577,0.00011878,0.00012433,69366.00000000,1514285999999,8.42245270,402,24852.00000000,3.02947477,0
2017-12-26 11:00:00,0.00012428,0.00012630,0.00012261,0.00012616,38698.00000000,1514289599999,4.81365860,215,17750.00000000,2.21081075,0
2017-12-26 12:00:00,0.00012616,0.00012680,0.00012504,0.00012680,72389.00000000,1514293199999,9.12146196,204,51244.00000000,6.46434363,0
2017-12-26 13:00:00,0.00012680,0.00012680,0.00011170,0.00012369,228395.00000000,1514296799999,27.09507790,767,83598.00000000,9.84954357,0
2017-12-26 14:00:00,0.00012227,0.00012364,0.00009900,0.00010281,512750.00000000,1514300399999,56.55295077,1130,178304.00000000,19.37026120,0
2017-12-26 15:00:00,0.00010390,0.00011134,0.00009970,0.00011101,243440.00000000,1514303999999,25.66229895,667,144554.00000000,15.18749360,0
2017-12-26 16:00:00,0.00011100,0.00011100,0.00010202,0.00010504,108147.00000000,1514307599999,11.54735966,441,43860.00000000,4.70818613,0
2017-12-26 17:00:00,0.00010494,0.00011498,0.00010400,0.00011056,103135.00000000,1514311199999,11.16281053,305,45309.00000000,4.91161227,0
2017-12-26 18:00:00,0.00011056,0.00011500,0.00011056,0.00011180,99092.00000000,1514314799999,11.10488315,334,57714.00000000,6.47440285,0
2017-12-26 19:00:00,0.00011180,0.00011461,0.00011017,0.00011017,154467.00000000,1514318399999,17.34821735,420,59736.00000000,6.73217802,0
2017-12-26 20:00:00,0.00011017,0.00012213,0.00010817,0.00011564,106763.00000000,1514321999999,12.04155404,359,62878.00000000,7.13751379,0
2017-12-26 21:00:00,0.00011585,0.00012700,0.00011202,0.00012286,198616.00000000,1514325599999,23.68500355,582,108474.00000000,13.01247346,0
2017-12-26 22:00:00,0.00012285,0.00012285,0.00011300,0.00011348,182492.00000000,1514329199999,21.00013388,538,66106.00000000,7.62643369,0
2017-12-26 23:00:00,0.00011348,0.00012270,0.00011348,0.00011880,176437.00000000,1514332799999,20.75848681,509,106669.00000000,12.54835622,0
2017-12-27 00:00:00,0.00011877,0.00011877,0.00011584,0.00011600,62515.00000000,1514336399999,7.31730821,281,30003.00000000,3.50739211,0
2017-12-27 01:00:00,0.00011596,0.00011780,0.00011492,0.00011780,61501.00000000,1514339999999,7.15466151,243,27605.00000000,3.22886855,0
2017-12-27 02:00:00,0.00011780,0.00012588,0.00011492,0.00011643,165112.00000000,1514343599999,19.75812555,469,67045.00000000,8.07297603,0
2017-12-27 03:00:00,0.00011677,0.00012138,0.00011625,0.00012138,40453.00000000,1514347199999,4.77670830,241,24392.00000000,2.88239628,0
2017-12-27 04:00:00,0.00012138,0.00012200,0.00011250,0.00011298,142165.00000000,1514350799999,16.27810350,345,36965.00000000,4.24309660,0
2017-12-27 05:00:00,0.00011251,0.00011507,0.00011251,0.00011499,79677.00000000,1514354399999,9.01970404,213,43214.00000000,4.90192573,0
2017-12-27 06:00:00,0.00011497,0.00012000,0.00011116,0.00011350,114042.00000000,1514357999999,12.92655761,310,43405.00000000,4.95045588,0
2017-12-27 07:00:00,0.00011549,0.00012100,0.00011266,0.00011804,110840.00000000,1514361599999,12.99128082,336,59310.00000000,6.92330454,0
2017-12-27 08:00:00,0.00011804,0.00012000,0.00011573,0.00012000,65420.00000000,1514365199999,7.68348240,253,35892.00000000,4.22456503,0
2017-12-27 09:00:00,0.00012000,0.00012200,0.00011700,0.00012115,77215.00000000,1514368799999,9.28691222,308,32942.00000000,3.96440756,0
2017-12-27 10:00:00,0.00012115,0.00012200,0.00011824,0.00012101,55507.00000000,1514372399999,6.72709744,245,28271.00000000,3.43699151,0
2017-12-27 11:00:00,0.00012101,0.00012544,0.00011875,0.00012276,93571.00000000,1514375999999,11.51417973,270,34036.00000000,4.17244172,0
2017-12-27 12:00:00,0.00012275,0.00012337,0.00011835,0.00012141,85182.00000000,1514379599999,10.31631386,416,40749.00000000,4.93689323,0
2017-12-27 13:00:00,0.00012141,0.00012588,0.00012141,0.00012422,64515.00000000,1514383199999,8.04527875,306,43132.00000000,5.39100400,0
2017-12-27 14:00:00,0.00012423,0.00012949,0.00012301,0.00012464,169302.00000000,1514386799999,21.35663802,531,102517.00000000,12.94363218,0
2017-12-27 15:00:00,0.00012432,0.00013048,0.00012432,0.00012560,293027.00000000,1514390399999,37.56308189,543,91273.00000000,11.73507400,0
2017-12-27 16:00:00,0.00012593,0.00012668,0.00012010,0.00012300,282482.00000000,1514393999999,34.72077988,779,117519.00000000,14.47215188,0
2017-12-27 17:00:00,0.00012316,0.00012443,0.00012061,0.00012347,140200.00000000,1514397599999,17.22597450,437,71206.00000000,8.77878662,0
2017-12-27 18:00:00,0.00012421,0.00012949,0.00011751,0.00012321,108329.00000000,1514401199999,13.18233931,461,54732.00000000,6.72704329,0
2017-12-27 19:00:00,0.00012386,0.00012700,0.00011900,0.00011917,140244.00000000,1514404799999,16.99346531,575,55786.00000000,6.75231964,0
2017-12-27 20:00:00,0.00011948,0.00012085,0.00011780,0.00011960,137226.00000000,1514408399999,16.33250964,479,72534.00000000,8.63075803,0
2017-12-27 21:00:00,0.00011959,0.00012295,0.00011820,0.00011959,124279.00000000,1514411999999,14.85576942,472,57616.00000000,6.90587845,0
2017-12-27 22:00:00,0.00011959,0.00012059,0.00011857,0.00011945,84536.00000000,1514415599999,10.11104190,385,46455.00000000,5.56493397,0
2017-12-27 23:00:00,0.00011960,0.00012250,0.00011945,0.00012027,104603.00000000,1514419199999,12.65979095,392,49427.00000000,5.97676182,0
2017-12-28 00:00:00,0.00012025,0.00012297,0.00012024,0.00012256,58458.00000000,1514422799999,7.12640690,258,27889.00000000,3.40815359,0
2017-12-28 01:00:00,0.00012251,0.00012285,0.00012140,0.00012284,78083.00000000,1514426399999,9.52214559,192,49422.00000000,6.03368547,0
2017-12-28 02:00:00,0.00012238,0.00012281,0.00011630,0.00011857,151791.00000000,1514429999999,18.16988735,389,44373.00000000,5.30390736,0
2017-12-28 03:00:00,0.00011981,0.00012264,0.00011800,0.00012025,83151.00000000,1514433599999,10.02112572,302,41197.00000000,4.98404032,0
2017-12-28 04:00:00,0.00012016,0.00012281,0.00011674,0.00012147,139330.00000000,1514437199999,16.83226329,320,64620.00000000,7.86691302,0
2017-12-28 05:00:00,0.00012200,0.00012246,0.00011862,0.00012025,49813.00000000,1514440799999,6.01845597,237,26924.00000000,3.25147597,0
2017-12-28 06:00:00,0.00012027,0.00012110,0.00011819,0.00011915,53627.00000000,1514444399999,6.39738078,202,18403.00000000,2.19561376,0
2017-12-28 07:00:00,0.00011920,0.00011920,0.00011857,0.00011900,41184.00000000,1514447999999,4.90124731,222,23016.00000000,2.73927192,0
2017-12-28 08:00:00,0.00011900,0.00011992,0.00011818,0.00011950,47179.00000000,1514451599999,5.60898049,219,27117.00000000,3.22602301,0
2017-12-28 09:00:00,0.00011913,0.00012250,0.00011815,0.00012081,77831.00000000,1514455199999,9.31891349,322,38181.00000000,4.57970855,0
2017-12-28 10:00:00,0.00012081,0.00012294,0.00011913,0.00012063,95497.00000000,1514458799999,11.57257440,361,43436.00000000,5.27515969,0
2017-12-28 11:00:00,0.00012063,0.00012222,0.00011907,0.00012183,55536.00000000,1514462399999,6.71805903,260,24561.00000000,2.97779880,0
2017-12-28 12:00:00,0.00012154,0.00012710,0.00012135,0.00012605,79265.00000000,1514465999999,9.87972099,333,48123.00000000,5.98365514,0
2017-12-28 13:00:00,0.00012706,0.00012800,0.00012505,0.00012546,71122.00000000,1514469599999,8.99185175,245,33716.00000000,4.28327367,0
2017-12-28 14:00:00,0.00012546,0.00012610,0.00012206,0.00012394,68857.00000000,1514473199999,8.58750389,284,33834.00000000,4.21321075,0
2017-12-28 15:00:00,0.00012245,0.00012472,0.00011658,0.00011894,149109.00000000,1514476799999,17.86692621,463,18920.00000000,2.28354675,0
2017-12-28 16:00:00,0.00011894,0.00012060,0.00011894,0.00012005,65564.00000000,1514480399999,7.86542549,305,37126.00000000,4.45699146,0
2017-12-28 17:00:00,0.00012005,0.00012230,0.00012002,0.00012200,71234.00000000,1514483999999,8.63353017,326,33221.00000000,4.02838178,0
2017-12-28 18:00:00,0.00012200,0.00012730,0.00012010,0.00012730,146880.00000000,1514487599999,18.24580116,541,83951.00000000,10.46925819,0
2017-12-28 19:00:00,0.00012730,0.00012750,0.00012370,0.00012720,76765.00000000,1514491199999,9.65880507,315,42596.00000000,5.36483970,0
2017-12-28 20:00:00,0.00012720,0.00013488,0.00012677,0.00013039,213991.00000000,1514494799999,27.90339885,725,113880.00000000,14.87304521,0
2017-12-28 21:00:00,0.00013099,0.00013488,0.00012893,0.00013040,142996.00000000,1514498399999,18.91976327,534,68851.00000000,9.11511641,0
2017-12-28 22:00:00,0.00013039,0.00013306,0.00012956,0.00013277,57906.00000000,1514501999999,7.56655607,345,28561.00000000,3.74065850,0
2017-12-28 23:00:00,0.00013268,0.00013780,0.00012937,0.00013050,204021.00000000,1514505599999,27.25902905,558,108602.00000000,14.56406197,0
2017-12-29 00:00:00,0.00013049,0.00013050,0.00012679,0.00012974,126446.00000000,1514509199999,16.33426193,409,51256.00000000,6.62734741,0
2017-12-29 01:00:00,0.00012867,0.00012973,0.00012510,0.00012684,113316.00000000,1514512799999,14.32272712,426,55751.00000000,7.06793188,0
2017-12-29 02:00:00,0.00012766,0.00012766,0.00012320,0.00012378,111001.00000000,1514516399999,13.84267779,369,51940.00000000,6.47373911,0
2017-12-29 03:00:00,0.00012378,0.00013500,0.00012378,0.00013159,76581.00000000,1514519999999,9.83899970,432,42597.00000000,5.51016719,0
2017-12-29 04:00:00,0.00013159,0.00013850,0.00012630,0.00013845,159664.00000000,1514523599999,21.41215542,539,102661.00000000,13.83262846,0
2017-12-29 05:00:00,0.00013832,0.00013832,0.00013015,0.00013469,132327.00000000,1514527199999,17.74638368,507,50066.00000000,6.74455114,0
2017-12-29 06:00:00,0.00013334,0.00013456,0.00013020,0.00013131,65504.00000000,1514530799999,8.64251192,315,34413.00000000,4.54503058,0
2017-12-29 07:00:00,0.00013206,0.00013495,0.00013125,0.00013303,60362.00000000,1514534399999,8.04167855,264,24853.00000000,3.31824709,0
2017-12-29 08:00:00,0.00013453,0.00013500,0.00013300,0.00013500,30902.00000000,1514537999999,4.14567215,200,12857.00000000,1.72710704,0
2017-12-29 09:00:00,0.00013497,0.00013785,0.00013381,0.00013536,250516.00000000,1514541599999,33.98804958,398,122812.00000000,16.74235355,0
2017-12-29 10:00:00,0.00013536,0.00013536,0.00012650,0.00012650,195506.00000000,1514545199999,25.76752962,535,61373.00000000,8.12526520,0
2017-12-29 11:00:00,0.00013156,0.00013785,0.00012535,0.00013506,193407.00000000,1514548799999,25.46306606,632,131938.00000000,17.46507485,0
2017-12-29 12:00:00,0.00013550,0.00013781,0.00013100,0.00013222,128827.00000000,1514552399999,17.26455929,362,60743.00000000,8.14109866,0
2017-12-29 13:00:00,0.00013200,0.00013723,0.00013200,0.00013515,140322.00000000,1514555999999,18.76075778,329,105781.00000000,14.12969786,0
2017-12-29 14:00:00,0.00013509,0.00013525,0.00012865,0.00012977,244522.00000000,1514559599999,32.21213054,675,147275.00000000,19.50904643,0
2017-12-29 15:00:00,0.00012978,0.00013526,0.00012977,0.00013138,95234.00000000,1514563199999,12.49846540,466,45858.00000000,6.01516276,0
2017-12-29 16:00:00,0.00013145,0.00013260,0.00013010,0.00013105,59209.00000000,1514566799999,7.78121511,346,26131.00000000,3.43855920,0
2017-12-29 17:00:00,0.00013080,0.00013394,0.00012988,0.00013117,78605.00000000,1514570399999,10.29873030,407,36364.00000000,4.77007123,0
2017-12-29 18:00:00,0.00013077,0.00013500,0.00013006,0.00013290,117701.00000000,1514573999999,15.60189565,457,58148.00000000,7.71798112,0
2017-12-29 19:00:00,0.00013290,0.00013527,0.00013268,0.00013350,78244.00000000,1514577599999,10.46102007,359,38834.00000000,5.20356701,0
2017-12-29 20:00:00,0.00013368,0.00013599,0.00013130,0.00013293,99725.00000000,1514581199999,13.34307549,373,47219.00000000,6.33673656,0
2017-12-29 21:00:00,0.00013278,0.00013279,0.00012926,0.00012933,83483.00000000,1514584799999,10.95120663,344,32554.00000000,4.28561207,0
2017-12-29 22:00:00,0.00012979,0.00013168,0.00012906,0.00013084,54664.00000000,1514588399999,7.11742498,321,22433.00000000,2.93080637,0
2017-12-29 23:00:00,0.00013084,0.00013191,0.00013080,0.00013109,91617.00000000,1514591999999,12.04973421,279,64088.00000000,8.43401478,0
2017-12-30 00:00:00,0.00013109,0.00013109,0.00012986,0.00012987,93934.00000000,1514595599999,12.23959653,313,22853.00000000,2.98541446,0
2017-12-30 01:00:00,0.00012987,0.00013048,0.00012611,0.00012885,84604.00000000,1514599199999,10.89350475,373,30846.00000000,3.96346888,0
2017-12-30 02:00:00,0.00012684,0.00013048,0.00012588,0.00012770,156265.00000000,1514602799999,19.97129566,400,63263.00000000,8.13063770,0
2017-12-30 03:00:00,0.00012770,0.00012878,0.00012500,0.00012678,63208.00000000,1514606399999,8.02735823,259,23992.00000000,3.07033829,0
2017-12-30 04:00:00,0.00012679,0.00012868,0.00012673,0.00012781,49180.00000000,1514609999999,6.27939398,237,22465.00000000,2.87290271,0
2017-12-30 05:00:00,0.00012781,0.00012867,0.00012681,0.00012800,70722.00000000,1514613599999,9.03228968,199,39383.00000000,5.03618985,0
2017-12-30 06:00:00,0.00012800,0.00012865,0.00012740,0.00012850,35376.00000000,1514617199999,4.52775951,158,22550.00000000,2.88683506,0
2017-12-30 07:00:00,0.00012850,0.00012878,0.00012599,0.00012664,61691.00000000,1514620799999,7.85969580,211,14793.00000000,1.88945496,0
2017-12-30 08:00:00,0.00012670,0.00013037,0.00012670,0.00013036,45588.00000000,1514624399999,5.86005068,253,28290.00000000,3.64045690,0
2017-12-30 09:00:00,0.00013036,0.00013048,0.00012850,0.00012910,55905.00000000,1514627999999,7.26570283,226,31834.00000000,4.14804437,0
2017-12-30 10:00:00,0.00012930,0.00013048,0.00012660,0.00012932,118594.00000000,1514631599999,15.28257252,274,71455.00000000,9.25076713,0
2017-12-30 11:00:00,0.00012936,0.00013108,0.00012795,0.00013050,77179.00000000,1514635199999,10.02528203,244,34153.00000000,4.44539074,0
2017-12-30 12:00:00,0.00013050,0.00013250,0.00012951,0.00013200,48758.00000000,1514638799999,6.41631502,279,17164.00000000,2.25949304,0
2017-12-30 13:00:00,0.00013200,0.00013200,0.00012784,0.00012795,66566.00000000,1514642399999,8.65810843,338,29317.00000000,3.82494246,0
2017-12-30 14:00:00,0.00012797,0.00013500,0.00012795,0.00013451,170468.00000000,1514645999999,22.49952662,392,86223.00000000,11.37037340,0
2017-12-30 15:00:00,0.00013481,0.00013920,0.00013077,0.00013116,192820.00000000,1514649599999,25.97488266,560,72887.00000000,9.95787339,0
2017-12-30 16:00:00,0.00013116,0.00013447,0.00012951,0.00012951,110810.00000000,1514653199999,14.48188801,478,31285.00000000,4.10372656,0
2017-12-30 17:00:00,0.00012951,0.00013085,0.00012795,0.00013085,88252.00000000,1514656799999,11.40223467,417,41975.00000000,5.44249032,0
2017-12-30 18:00:00,0.00013071,0.00013085,0.00012851,0.00012958,112459.00000000,1514660399999,14.59901910,326,48091.00000000,6.26848036,0
2017-12-30 19:00:00,0.00012958,0.00013271,0.00012954,0.00013154,101346.00000000,1514663999999,13.23374619,389,73688.00000000,9.62818015,0
2017-12-30 20:00:00,0.00013154,0.00013154,0.00012795,0.00012918,190364.00000000,1514667599999,24.65922177,403,44668.00000000,5.81268822,0
2017-12-30 21:00:00,0.00012920,0.00013220,0.00012650,0.00013123,164475.00000000,1514671199999,21.23254774,432,88782.00000000,11.53049694,0
2017-12-30 22:00:00,0.00013203,0.00013590,0.00013200,0.00013344,103953.00000000,1514674799999,13.92235744,473,51595.00000000,6.92249832,0
2017-12-30 23:00:00,0.00013344,0.00013588,0.00013150,0.00013361,88381.00000000,1514678399999,11.84760463,355,33503.00000000,4.49687101,0
2017-12-31 00:00:00,0.00013373,0.00013760,0.00013373,0.00013550,89701.00000000,1514681999999,12.21840367,288,51773.00000000,7.05667789,0
2017-12-31 01:00:00,0.00013548,0.00013600,0.00013396,0.00013412,72384.00000000,1514685599999,9.78884968,229,36215.00000000,4.91442799,0
2017-12-31 02:00:00,0.00013589,0.00013614,0.00013363,0.00013453,68274.00000000,1514689199999,9.22833854,307,40655.00000000,5.50459478,0
2017-12-31 03:00:00,0.00013451,0.00013700,0.00013280,0.00013635,70757.00000000,1514692799999,9.54148394,248,25114.00000000,3.40004319,0
2017-12-31 04:00:00,0.00013635,0.00013812,0.00013601,0.00013700,33007.00000000,1514696399999,4.51929610,190,19856.00000000,2.72362831,0
2017-12-31 05:00:00,0.00013700,0.00013729,0.00013601,0.00013611,32006.00000000,1514699999999,4.36914173,165,4896.00000000,0.67122524,0
2017-12-31 06:00:00,0.00013611,0.00013716,0.00013555,0.00013569,32810.00000000,1514703599999,4.46514078,169,10522.00000000,1.43688252,0
2017-12-31 07:00:00,0.00013569,0.00013844,0.00013502,0.00013696,43172.00000000,1514707199999,5.90109849,198,26499.00000000,3.63212567,0
2017-12-31 08:00:00,0.00013697,0.00013844,0.00013502,0.00013502,112352.00000000,1514710799999,15.40810071,243,25457.00000000,3.51196825,0
2017-12-31 09:00:00,0.00013570,0.00013609,0.00013171,0.00013475,114685.00000000,1514714399999,15.30892087,504,25686.00000000,3.45499364,0
2017-12-31 10:00:00,0.00013475,0.00013523,0.00013354,0.00013504,56460.00000000,1514717999999,7.59849695,280,28032.00000000,3.77709681,0
2017-12-31 11:00:00,0.00013504,0.00013505,0.00013300,0.00013465,56565.00000000,1514721599999,7.60106529,234,36158.00000000,4.86874803,0
2017-12-31 12:00:00,0.00013464,0.00013487,0.00013306,0.00013383,69651.00000000,1514725199999,9.31871825,306,33101.00000000,4.43642645,0
2017-12-31 13:00:00,0.00013383,0.00013500,0.00013360,0.00013499,40405.00000000,1514728799999,5.42985551,206,29473.00000000,3.96343626,0
2017-12-31 14:00:00,0.00013499,0.00013500,0.00013368,0.00013382,79510.00000000,1514732399999,10.66971988,248,53797.00000000,7.21908674,0
2017-12-31 15:00:00,0.00013382,0.00013770,0.00013382,0.00013619,190164.00000000,1514735999999,25.87487822,658,94992.00000000,12.97576801,0
2017-12-31 16:00:00,0.00013628,0.00013794,0.00013350,0.00013490,146498.00000000,1514739599999,19.89190144,521,50865.00000000,6.92552872,0
2017-12-31 17:00:00,0.00013353,0.00013622,0.00013350,0.00013470,111275.00000000,1514743199999,14.98415768,357,50785.00000000,6.86267041,0
2017-12-31 18:00:00,0.00013470,0.00013870,0.00013400,0.00013840,181241.00000000,1514746799999,24.77638835,512,137701.00000000,18.84580930,0
2017-12-31 19:00:00,0.00013850,0.00018041,0.00013850,0.00016860,1220097.00000000,1514750399999,191.32028048,3456,722902.00000000,112.95009196,0
2017-12-31 20:00:00,0.00016953,0.00020500,0.00016562,0.00018451,2141286.00000000,1514753999999,402.59766943,6677,1113616.00000000,210.08672551,0
2017-12-31 21:00:00,0.00018454,0.00019095,0.00016300,0.00017900,817656.00000000,1514757599999,143.34879026,2756,351758.00000000,61.83060239,0
2017-12-31 22:00:00,0.00017900,0.00018500,0.00016758,0.00017900,420366.00000000,1514761199999,74.06603486,1678,214660.00000000,37.86234354,0
2017-12-31 23:00:00,0.00017997,0.00019111,0.00017500,0.00018227,434822.00000000,1514764799999,80.48597904,1649,221155.00000000,41.12900804,0
2018-01-01 00:00:00,0.00018229,0.00018300,0.00017092,0.00018200,253635.00000000,1514768399999,45.28713350,1173,98799.00000000,17.68655383,0
