Date,Open,High,Low,Close,Volume
2017-12-08 06:00:00,0.00002000,0.00002000,0.00000800,0.00000824,4682214.00000000,1512716399999,40.30052368,882,2121908.00000000,18.59457889,10059375.98956410
2017-12-08 07:00:00,0.00000828,0.00000865,0.00000813,0.00000849,3649488.00000000,1512719999999,30.86865996,798,1757448.00000000,14.88488114,10355791.03820930
2017-12-08 08:00:00,0.00000845,0.00000897,0.00000804,0.00000838,8539007.00000000,1512723599999,72.76188607,872,4698887.00000000,39.93820101,18667973.05327530
2017-12-08 09:00:00,0.00000835,0.00000850,0.00000792,0.00000821,3968600.00000000,1512727199999,32.73687515,775,1559872.00000000,12.88436349,18529068.03577770
2017-12-08 10:00:00,0.00000823,0.00000870,0.00000810,0.00000855,4486247.00000000,1512730799999,37.71376350,534,1882389.00000000,15.87881870,18413195.43240340
2017-12-08 11:00:00,0.00000855,0.00000906,0.00000833,0.00000839,3335239.00000000,1512734399999,29.23846581,749,1335119.00000000,11.72185447,20609409.77170250
2017-12-08 12:00:00,0.00000860,0.00000895,0.00000810,0.00000867,2532897.00000000,1512737999999,21.88798740,909,1116833.00000000,9.69385712,20650189.55704710
2017-12-08 13:00:00,0.00000871,0.00000907,0.00000800,0.00000890,5701992.00000000,1512741599999,49.75615625,806,2095963.00000000,18.39787416,21353747.59902760
2017-12-08 14:00:00,0.00000889,0.00000942,0.00000802,0.00000851,4716486.00000000,1512745199999,41.83920752,998,2589652.00000000,22.88747278,22249437.26179810
2017-12-08 15:00:00,0.00000851,0.00000900,0.00000831,0.00000863,1759887.00000000,1512748799999,14.96522524,712,984926.00000000,8.39322310,22600529.05964780
2017-12-08 16:00:00,0.00000867,0.00000875,0.00000846,0.00000871,8370207.00000000,1512752399999,71.99013234,989,4262730.00000000,36.70207893,23784386.29235720
2017-12-08 17:00:00,0.00000874,0.00000887,0.00000866,0.00000883,4026360.00000000,1512755999999,35.43624836,746,1573379.00000000,13.89590179,24689947.86233160
2017-12-08 18:00:00,0.00000883,0.00000923,0.00000883,0.00000892,3295801.00000000,1512759599999,29.68602943,729,1466734.00000000,13.22635498,24174287.10263590
2017-12-08 19:00:00,0.00000892,0.00000913,0.00000883,0.00000896,4725703.00000000,1512763199999,42.28611267,790,1697865.00000000,15.21759221,24749668.30044110
2017-12-08 20:00:00,0.00000897,0.00000900,0.00000860,0.00000866,4749030.00000000,1512766799999,41.61655016,1005,2033173.00000000,17.79218987,25764758.34497010
2017-12-08 21:00:00,0.00000866,0.00000876,0.00000843,0.00000846,4189799.00000000,1512770399999,36.02286557,921,1155309.00000000,9.93105989,26574155.01106260
2017-12-08 22:00:00,0.00000846,0.00000863,0.00000820,0.00000856,5926363.00000000,1512773999999,49.57650463,872,2484026.00000000,20.86237945,26906300.14405500
2017-12-08 23:00:00,0.00000854,0.00000907,0.00000840,0.00000853,4327866.00000000,1512777599999,37.36822902,1283,2124881.00000000,18.39564825,27110710.18505050
2017-12-09 00:00:00,0.00000853,0.00000885,0.00000845,0.00000871,2912018.00000000,1512781199999,25.03244078,1068,1371550.00000000,11.81747739,27125115.45417170
2017-12-09 01:00:00,0.00000875,0.00000908,0.00000862,0.00000905,5451029.00000000,1512784799999,48.59380872,825,2849309.00000000,25.43778653,26800764.95488850
2017-12-09 02:00:00,0.00000902,0.00000930,0.00000893,0.00000920,4825302.00000000,1512788399999,43.83550356,784,1583618.00000000,14.40706466,27225049.77574920
2017-12-09 03:00:00,0.00000920,0.00000933,0.00000906,0.00000906,4249366.00000000,1512791999999,39.11414728,761,2063772.00000000,18.96125314,28798524.05508970
2017-12-09 04:00:00,0.00000912,0.00000930,0.00000890,0.00000926,2993144.00000000,1512795599999,27.37251181,822,1190860.00000000,10.91039084,29133782.88651800
2017-12-09 05:00:00,0.00000923,0.00000926,0.00000882,0.00000900,5007090.00000000,1512799199999,45.06868600,831,1841080.00000000,16.63340470,29267396.37129850
2017-12-09 06:00:00,0.00000899,0.00000910,0.00000885,0.00000900,3024429.00000000,1512802799999,27.13523305,557,766672.00000000,6.88711889,29749778.15740750
2017-12-09 07:00:00,0.00000902,0.00000907,0.00000886,0.00000902,3921954.00000000,1512806399999,35.24790160,526,1329199.00000000,11.96089560,30159815.48457650
2017-12-09 08:00:00,0.00000899,0.00000907,0.00000863,0.00000865,4146385.00000000,1512809999999,37.10989532,612,1105053.00000000,9.90597963,32114141.21583500
2017-12-09 09:00:00,0.00000884,0.00000889,0.00000863,0.00000884,2175437.00000000,1512813599999,18.97851103,535,696021.00000000,6.08353223,32230332.42937510
2017-12-09 10:00:00,0.00000884,0.00000900,0.00000860,0.00000884,4146161.00000000,1512817199999,36.74846540,596,1416923.00000000,12.59646602,32788149.71592910
2017-12-09 11:00:00,0.00000890,0.00000900,0.00000873,0.00000884,6613843.00000000,1512820799999,58.38339554,610,2614629.00000000,23.12339926,32823224.79716300
2017-12-09 12:00:00,0.00000886,0.00000917,0.00000882,0.00000917,3489883.00000000,1512824399999,31.37276536,693,1593245.00000000,14.34128329,32736963.47632000
2017-12-09 13:00:00,0.00000918,0.00000925,0.00000904,0.00000922,2795853.00000000,1512827999999,25.54007918,587,815393.00000000,7.46348366,32835007.13451350
2017-12-09 14:00:00,0.00000923,0.00000994,0.00000920,0.00000955,4815881.00000000,1512831599999,46.22863109,882,2100170.00000000,20.13036696,33268994.43915420
2017-12-09 15:00:00,0.00000958,0.00000989,0.00000955,0.00000980,2856614.00000000,1512835199999,27.76990035,603,1207041.00000000,11.71544017,34563166.56480020
2017-12-09 16:00:00,0.00000978,0.00001011,0.00000951,0.00000954,6336907.00000000,1512838799999,62.06840760,936,2303139.00000000,22.60825280,35400964.26170810
2017-12-09 17:00:00,0.00000957,0.00000980,0.00000900,0.00000901,3656950.00000000,1512842399999,34.48724810,838,1411017.00000000,13.38486714,35289024.40976920
2017-12-09 18:00:00,0.00000903,0.00000974,0.00000900,0.00000963,4452431.00000000,1512845999999,40.86451291,741,1514700.00000000,13.95685954,35239753.05504080
2017-12-09 19:00:00,0.00000945,0.00000950,0.00000921,0.00000940,3737410.00000000,1512849599999,34.90811140,543,1424987.00000000,13.33670273,35903382.52564730
2017-12-09 20:00:00,0.00000940,0.00000949,0.00000930,0.00000930,2794083.00000000,1512853199999,26.31928531,395,763137.00000000,7.18944565,36183107.33909140
2017-12-09 21:00:00,0.00000931,0.00000944,0.00000920,0.00000920,4579149.00000000,1512856799999,42.61147287,509,3748974.00000000,34.89253875,36026836.92139650
2017-12-09 22:00:00,0.00000920,0.00000925,0.00000879,0.00000892,4467985.00000000,1512860399999,40.53264144,609,1536751.00000000,13.94167394,36562229.36359180
2017-12-09 23:00:00,0.00000892,0.00000910,0.00000891,0.00000902,4254784.00000000,1512863999999,38.32681533,656,2533919.00000000,22.82191542,36617223.68677490
2017-12-10 00:00:00,0.00000901,0.00000923,0.00000886,0.00000901,5570095.00000000,1512867599999,50.18191426,694,2631428.00000000,23.75343798,36872854.67479010
2017-12-10 01:00:00,0.00000908,0.00000910,0.00000855,0.00000855,4080635.00000000,1512871199999,36.54087653,751,1070408.00000000,9.56112161,36563977.29565870
2017-12-10 02:00:00,0.00000857,0.00000873,0.00000805,0.00000856,2330151.00000000,1512874799999,19.77246967,799,803837.00000000,6.85563887,36703234.58317160
2017-12-10 03:00:00,0.00000854,0.00000860,0.00000792,0.00000793,4862264.00000000,1512878399999,40.12770511,939,2110887.00000000,17.44530690,37160073.93403510
2017-12-10 04:00:00,0.00000795,0.00000840,0.00000760,0.00000830,5341773.00000000,1512881999999,42.31879290,770,2344904.00000000,18.57510178,37252295.63145250
2017-12-10 05:00:00,0.00000832,0.00000852,0.00000819,0.00000849,3022985.00000000,1512885599999,25.14644763,544,1071055.00000000,8.90257139,37282498.65560810
2017-12-10 06:00:00,0.00000849,0.00000859,0.00000831,0.00000835,5938499.00000000,1512889199999,50.14580230,528,1798387.00000000,15.20510184,37389642.30960040
2017-12-10 07:00:00,0.00000835,0.00000844,0.00000813,0.00000833,5698056.00000000,1512892799999,47.18508700,646,2567999.00000000,21.26199491,38076884.73237280
2017-12-10 08:00:00,0.00000838,0.00000846,0.00000827,0.00000835,2116289.00000000,1512896399999,17.72588690,564,457599.00000000,3.83817153,38204777.66077140
2017-12-10 09:00:00,0.00000835,0.00000858,0.00000835,0.00000845,5895653.00000000,1512899999999,49.94152006,429,2241814.00000000,19.01704363,38305392.65648980
2017-12-10 10:00:00,0.00000845,0.00000859,0.00000835,0.00000849,1207209.00000000,1512903599999,10.16438154,379,416031.00000000,3.51365992,38915660.90362530
2017-12-10 11:00:00,0.00000853,0.00000859,0.00000835,0.00000854,2356972.00000000,1512907199999,19.96286933,468,844435.00000000,7.15450461,39179593.04835360
2017-12-10 12:00:00,0.00000854,0.00000859,0.00000841,0.00000849,3066458.00000000,1512910799999,26.13877514,463,747224.00000000,6.36892578,39755197.08694520
2017-12-10 13:00:00,0.00000850,0.00000859,0.00000820,0.00000844,3699364.00000000,1512914399999,31.17905293,655,1656193.00000000,13.96644481,39698696.49843940
2017-12-10 14:00:00,0.00000845,0.00000848,0.00000741,0.00000807,3277065.00000000,1512917999999,26.57230120,812,1158470.00000000,9.46679628,39934739.06241890
2017-12-10 15:00:00,0.00000808,0.00000814,0.00000753,0.00000775,4082566.00000000,1512921599999,31.64882513,664,1156743.00000000,8.99895028,40041906.42165610
2017-12-10 16:00:00,0.00000776,0.00000804,0.00000772,0.00000796,2879510.00000000,1512925199999,22.62367012,670,1311967.00000000,10.32138580,40115614.44717980
2017-12-10 17:00:00,0.00000796,0.00000814,0.00000783,0.00000800,5825522.00000000,1512928799999,46.26949794,765,2003366.00000000,15.93175020,40553853.79923700
2017-12-10 18:00:00,0.00000795,0.00000798,0.00000785,0.00000796,7799912.00000000,1512932399999,61.87461744,468,3192742.00000000,25.33619738,40630223.78523230
2017-12-10 19:00:00,0.00000796,0.00000813,0.00000780,0.00000780,4339715.00000000,1512935999999,34.67447677,638,587045.00000000,4.69152858,41069699.01706630
2017-12-10 20:00:00,0.00000790,0.00000790,0.00000778,0.00000789,2612472.00000000,1512939599999,20.44011673,587,552381.00000000,4.32820361,42685868.63830400
2017-12-10 21:00:00,0.00000783,0.00000800,0.00000765,0.00000784,3452686.00000000,1512943199999,27.02684518,590,1482710.00000000,11.64057985,43552076.04101820
2017-12-10 22:00:00,0.00000782,0.00000784,0.00000758,0.00000761,4883283.00000000,1512946799999,37.72426257,597,1732653.00000000,13.40607017,43536099.79529720
2017-12-10 23:00:00,0.00000763,0.00000775,0.00000732,0.00000765,5018905.00000000,1512950399999,37.67519210,677,1882480.00000000,14.13569918,43628586.63481620
2017-12-11 00:00:00,0.00000774,0.00000802,0.00000755,0.00000794,2266269.00000000,1512953999999,17.70866946,550,842050.00000000,6.58178497,43697506.64805530
2017-12-11 01:00:00,0.00000793,0.00000836,0.00000788,0.00000788,6286449.00000000,1512957599999,50.64656710,841,2359885.00000000,19.01847982,43750563.06290270
2017-12-11 02:00:00,0.00000791,0.00000807,0.00000772,0.00000773,4678297.00000000,1512961199999,36.59944394,757,1855924.00000000,14.57276464,44557179.78545560
2017-12-11 03:00:00,0.00000775,0.00000780,0.00000758,0.00000762,13192452.00000000,1512964799999,101.20476971,787,5331178.00000000,40.98777826,44453431.74988560
2017-12-11 04:00:00,0.00000765,0.00000813,0.00000759,0.00000778,4347179.00000000,1512968399999,34.00885764,634,1530459.00000000,11.98441834,44497433.49393390
2017-12-11 05:00:00,0.00000777,0.00000789,0.00000772,0.00000778,4579936.00000000,1512971999999,35.66490847,616,1433129.00000000,11.17856046,44508003.74964460
2017-12-11 06:00:00,0.00000778,0.00000784,0.00000777,0.00000778,3612230.00000000,1512975599999,28.12770746,512,741739.00000000,5.77850050,44513672.85713090
2017-12-11 07:00:00,0.00000780,0.00000785,0.00000769,0.00000778,3115224.00000000,1512979199999,24.23563219,603,928921.00000000,7.23517310,44508765.46431070
2017-12-11 08:00:00,0.00000778,0.00000785,0.00000772,0.00000774,5017799.00000000,1512982799999,38.98292385,529,1592720.00000000,12.38648620,44468995.68614120
2017-12-11 09:00:00,0.00000774,0.00000790,0.00000774,0.00000778,5793526.00000000,1512986399999,45.12527245,539,2014044.00000000,15.70939714,44471975.16249600
2017-12-11 10:00:00,0.00000778,0.00000838,0.00000777,0.00000832,4613799.00000000,1512989999999,36.59540266,692,2005818.00000000,16.02320011,44388482.34153690
2017-12-11 11:00:00,0.00000832,0.00000860,0.00000804,0.00000829,3896229.00000000,1512993599999,32.45697036,882,2191074.00000000,18.33358546,44409592.00481190
2017-12-11 12:00:00,0.00000829,0.00000854,0.00000824,0.00000836,4462917.00000000,1512997199999,37.27187796,701,2350495.00000000,19.66548255,44378848.24893980
2017-12-11 13:00:00,0.00000838,0.00000898,0.00000834,0.00000889,7210167.00000000,1513000799999,62.60296867,1066,3255174.00000000,28.40254326,44327667.60765800
2017-12-11 14:00:00,0.00000889,0.00000925,0.00000879,0.00000898,4991173.00000000,1513004399999,45.00436424,1251,1997249.00000000,18.00011784,44685809.19697380
2017-12-11 15:00:00,0.00000898,0.00000905,0.00000840,0.00000866,5277906.00000000,1513007999999,46.50439957,832,2041980.00000000,18.01350362,44901394.03235080
2017-12-11 16:00:00,0.00000866,0.00000870,0.00000843,0.00000866,9036928.00000000,1513011599999,78.15020600,804,4716613.00000000,40.80328297,45115974.04864980
2017-12-11 17:00:00,0.00000866,0.00000868,0.00000828,0.00000842,7504713.00000000,1513015199999,63.85336655,750,4149920.00000000,35.46424491,47633858.95784460
2017-12-11 18:00:00,0.00000843,0.00000874,0.00000832,0.00000866,4361615.00000000,1513018799999,36.80997700,707,1451095.00000000,12.26112586,46078677.57187230
2017-12-11 19:00:00,0.00000866,0.00000871,0.00000802,0.00000811,5911042.00000000,1513022399999,49.60948946,685,2543380.00000000,21.23921787,46102222.65537300
2017-12-11 20:00:00,0.00000813,0.00000832,0.00000784,0.00000810,5778490.00000000,1513025999999,46.28644348,912,2489262.00000000,19.98600120,46373708.91816400
2017-12-11 21:00:00,0.00000810,0.00000839,0.00000802,0.00000816,3984799.00000000,1513029599999,32.74778263,799,1549938.00000000,12.74353994,46423714.34166090
2017-12-11 22:00:00,0.00000816,0.00000851,0.00000804,0.00000836,6271848.00000000,1513033199999,51.85216409,768,2947123.00000000,24.38491277,46591530.61206730
2017-12-11 23:00:00,0.00000838,0.00000866,0.00000824,0.00000851,6886348.00000000,1513036799999,57.99657767,866,3114572.00000000,26.31043290,46842818.03804630
2017-12-12 00:00:00,0.00000853,0.00000854,0.00000822,0.00000833,5971315.00000000,1513040399999,49.88385925,827,2098239.00000000,17.54132708,47033597.81335440
2017-12-12 01:00:00,0.00000832,0.00000849,0.00000829,0.00000831,4514646.00000000,1513043999999,37.69324338,636,2110837.00000000,17.62829470,46946424.54111950
2017-12-12 02:00:00,0.00000830,0.00000840,0.00000824,0.00000830,6749571.00000000,1513047599999,56.12129338,719,3131625.00000000,26.05535829,46908870.78474720
2017-12-12 03:00:00,0.00000831,0.00000835,0.00000822,0.00000832,5764022.00000000,1513051199999,47.80412380,707,2988128.00000000,24.79006075,47088929.16406070
2017-12-12 04:00:00,0.00000832,0.00000836,0.00000818,0.00000831,3286538.00000000,1513054799999,27.27678597,651,1168172.00000000,9.70072304,47692686.30541100
2017-12-12 05:00:00,0.00000831,0.00000846,0.00000820,0.00000826,4839415.00000000,1513058399999,40.38075439,815,1701707.00000000,14.20861328,48499552.67976860
2017-12-12 06:00:00,0.00000826,0.00000840,0.00000824,0.00000836,3755402.00000000,1513061999999,31.24270206,548,1235380.00000000,10.28024052,48537253.60139720
2017-12-12 07:00:00,0.00000834,0.00000842,0.00000829,0.00000834,3698208.00000000,1513065599999,30.83807062,581,1279918.00000000,10.68174235,49149587.59585040
2017-12-12 08:00:00,0.00000833,0.00000842,0.00000826,0.00000831,4004606.00000000,1513069199999,33.30522224,533,1206778.00000000,10.04305753,49250191.36871770
2017-12-12 09:00:00,0.00000831,0.00000841,0.00000825,0.00000826,2782408.00000000,1513072799999,23.12044357,617,834597.00000000,6.94182946,50076932.78590370
2017-12-12 10:00:00,0.00000829,0.00000842,0.00000811,0.00000832,4964013.00000000,1513076399999,40.98241333,680,2076382.00000000,17.17467102,50113052.34647030
2017-12-12 11:00:00,0.00000831,0.00000839,0.00000818,0.00000831,5639786.00000000,1513079999999,46.62123574,694,1918542.00000000,15.85378534,50836999.85044260
2017-12-12 12:00:00,0.00000833,0.00000891,0.00000814,0.00000881,5420225.00000000,1513083599999,45.52560797,945,2893258.00000000,24.36067479,50992733.72043390
2017-12-12 13:00:00,0.00000890,0.00000890,0.00000830,0.00000839,3938810.00000000,1513087199999,33.72513459,828,1433067.00000000,12.30881178,51046303.50761670
2017-12-12 14:00:00,0.00000834,0.00000850,0.00000824,0.00000836,5105826.00000000,1513090799999,42.52682114,751,1793086.00000000,14.95636507,50805369.45353660
2017-12-12 15:00:00,0.00000836,0.00000875,0.00000831,0.00000853,4087402.00000000,1513094399999,34.92202357,724,1738170.00000000,14.88074600,50621890.48015090
2017-12-12 16:00:00,0.00000854,0.00000873,0.00000839,0.00000861,4186466.00000000,1513097999999,35.67872626,785,1874388.00000000,15.97694479,50700168.87375090
2017-12-12 17:00:00,0.00000860,0.00000894,0.00000856,0.00000879,6600166.00000000,1513101599999,57.50274612,738,3274668.00000000,28.56301218,50900307.46499810
2017-12-12 18:00:00,0.00000879,0.00000880,0.00000845,0.00000861,5923023.00000000,1513105199999,50.71469527,832,2284110.00000000,19.58223064,51665093.54231960
2017-12-12 19:00:00,0.00000859,0.00000870,0.00000848,0.00000854,5635977.00000000,1513108799999,48.37698381,641,3092304.00000000,26.55098938,52425196.79190520
2017-12-12 20:00:00,0.00000854,0.00000881,0.00000849,0.00000877,5003779.00000000,1513112399999,42.99449049,793,1908335.00000000,16.43144710,52634806.56404040
2017-12-12 21:00:00,0.00000879,0.00000950,0.00000877,0.00000905,8924620.00000000,1513115999999,81.44007398,1855,3716413.00000000,33.90784682,55307802.20416030
2017-12-12 22:00:00,0.00000906,0.00000948,0.00000867,0.00000907,6491243.00000000,1513119599999,58.77068724,1443,3233827.00000000,29.31322332,56673133.08328840
2017-12-12 23:00:00,0.00000910,0.00000940,0.00000899,0.00000900,9109176.00000000,1513123199999,83.71226611,1068,5097686.00000000,46.84086471,58477852.67947230
2017-12-13 00:00:00,0.00000890,0.00000916,0.00000885,0.00000891,7026043.00000000,1513126799999,62.93805508,790,3464963.00000000,31.08773402,58866956.44586690
2017-12-13 01:00:00,0.00000888,0.00000897,0.00000865,0.00000869,7013831.00000000,1513130399999,61.81076973,814,2782263.00000000,24.54499747,59416264.47259460
2017-12-13 02:00:00,0.00000872,0.00000880,0.00000839,0.00000841,4790206.00000000,1513133999999,41.29541209,786,1738321.00000000,14.96586460,61588853.10003770
2017-12-13 03:00:00,0.00000842,0.00000877,0.00000831,0.00000870,5167552.00000000,1513137599999,44.03086578,668,1981779.00000000,16.96593154,63546028.67121200
2017-12-13 04:00:00,0.00000877,0.00000877,0.00000846,0.00000861,2946869.00000000,1513141199999,25.45052539,583,1034012.00000000,8.93580841,63475784.03486890
2017-12-13 05:00:00,0.00000861,0.00000865,0.00000848,0.00000865,1603046.00000000,1513144799999,13.70819918,390,457199.00000000,3.90893466,63481308.38297530
2017-12-13 06:00:00,0.00000865,0.00000874,0.00000849,0.00000862,5319641.00000000,1513148399999,45.91627469,583,2464396.00000000,21.31458328,63311735.87974710
2017-12-13 07:00:00,0.00000862,0.00000881,0.00000851,0.00000878,2807128.00000000,1513151999999,24.28259041,516,957964.00000000,8.33536840,62833635.58235730
2017-12-13 08:00:00,0.00000879,0.00000933,0.00000876,0.00000918,2265106.00000000,1513155599999,20.31656623,635,1296628.00000000,11.66771631,62376920.42168890
2017-12-13 09:00:00,0.00000918,0.00000966,0.00000901,0.00000961,3875072.00000000,1513159199999,36.30109217,853,1826731.00000000,17.11887484,62935013.53513390
2017-12-13 10:00:00,0.00000962,0.00000978,0.00000907,0.00000919,5546693.00000000,1513162799999,51.77401166,906,2372997.00000000,22.18353583,62958056.75032950
2017-12-13 11:00:00,0.00000920,0.00000937,0.00000913,0.00000931,4771998.00000000,1513166399999,44.16506254,731,1470707.00000000,13.60723505,63393504.78796470
2017-12-13 12:00:00,0.00000931,0.00000938,0.00000898,0.00000904,7683971.00000000,1513169999999,70.49244234,677,2763430.00000000,25.25774008,63781694.90155970
2017-12-13 13:00:00,0.00000904,0.00000929,0.00000899,0.00000922,5841540.00000000,1513173599999,53.31016374,666,2113034.00000000,19.30945020,64059903.33621000
2017-12-13 14:00:00,0.00000924,0.00000960,0.00000920,0.00000937,5938146.00000000,1513177199999,55.51501878,955,2469653.00000000,23.10465859,63672713.60845590
2017-12-13 15:00:00,0.00000932,0.00000937,0.00000903,0.00000933,3547250.00000000,1513180799999,32.69395101,665,1039727.00000000,9.59610374,63831263.58002500
2017-12-13 16:00:00,0.00000933,0.00000935,0.00000911,0.00000923,3547095.00000000,1513184399999,32.78607643,722,992470.00000000,9.18474485,64592142.13068570
2017-12-13 17:00:00,0.00000922,0.00000935,0.00000906,0.00000928,5812852.00000000,1513187999999,53.68919737,954,1991384.00000000,18.42770245,64763851.53157280
2017-12-13 18:00:00,0.00000928,0.00000936,0.00000919,0.00000932,3812722.00000000,1513191599999,35.33488017,720,1530430.00000000,14.20314772,65612542.01766830
2017-12-13 19:00:00,0.00000929,0.00000934,0.00000910,0.00000910,2734411.00000000,1513195199999,25.22848498,726,902795.00000000,8.33693548,66653150.70764770
2017-12-13 20:00:00,0.00000913,0.00000929,0.00000909,0.00000920,5589290.00000000,1513198799999,51.34087879,870,1996709.00000000,18.34491433,66629729.26093940
2017-12-13 21:00:00,0.00000923,0.00000930,0.00000917,0.00000920,3629116.00000000,1513202399999,33.41386375,647,1341953.00000000,12.36618940,66664704.54629340
2017-12-13 22:00:00,0.00000920,0.00000921,0.00000897,0.00000909,5299905.00000000,1513205999999,47.99013436,931,2596584.00000000,23.50693990,66673341.24425690
2017-12-13 23:00:00,0.00000913,0.00000919,0.00000901,0.00000904,2254712.00000000,1513209599999,20.51765577,643,795924.00000000,7.24953406,66158170.78958350
2017-12-14 00:00:00,0.00000904,0.00000910,0.00000876,0.00000891,5859701.00000000,1513213199999,52.39515244,804,2573937.00000000,23.01196758,65992920.58324280
2017-12-14 01:00:00,0.00000893,0.00000918,0.00000874,0.00000918,5511159.00000000,1513216799999,49.29323123,774,2176289.00000000,19.47804789,66025575.03310870
2017-12-14 02:00:00,0.00000918,0.00000940,0.00000913,0.00000923,4129628.00000000,1513220399999,38.28421808,792,1648815.00000000,15.29130118,66225691.50538710
2017-12-14 03:00:00,0.00000923,0.00000947,0.00000914,0.00000942,4841699.00000000,1513223999999,44.92831899,893,1704111.00000000,15.82500698,66396839.42730390
2017-12-14 04:00:00,0.00000938,0.00000944,0.00000920,0.00000931,6065492.00000000,1513227599999,56.41678069,830,1553871.00000000,14.47142264,66492943.41318050
2017-12-14 05:00:00,0.00000932,0.00000969,0.00000926,0.00000957,3943503.00000000,1513231199999,37.31880336,871,1822217.00000000,17.28806020,66869636.65876820
2017-12-14 06:00:00,0.00000957,0.00000979,0.00000953,0.00000967,2922472.00000000,1513234799999,28.15531794,761,1172657.00000000,11.30262222,67118138.32518980
2017-12-14 07:00:00,0.00000966,0.00000967,0.00000937,0.00000946,4750332.00000000,1513238399999,45.11577939,858,1285651.00000000,12.22138988,68261341.50070240
2017-12-14 08:00:00,0.00000946,0.00000956,0.00000891,0.00000902,7007699.00000000,1513241999999,63.88846177,966,2641363.00000000,24.07112567,69907878.64157100
2017-12-14 09:00:00,0.00000902,0.00000911,0.00000881,0.00000902,3508096.00000000,1513245599999,31.59074960,829,1963739.00000000,17.67180833,69973147.12019540
2017-12-14 10:00:00,0.00000902,0.00000920,0.00000900,0.00000902,2271832.00000000,1513249199999,20.67996087,504,863784.00000000,7.86327960,70058017.81924910
2017-12-14 11:00:00,0.00000902,0.00000917,0.00000900,0.00000902,3569582.00000000,1513252799999,32.31252702,617,1148071.00000000,10.40516403,69938926.17078560
2017-12-14 12:00:00,0.00000902,0.00000906,0.00000891,0.00000891,4225969.00000000,1513256399999,37.94147264,567,1832178.00000000,16.45353702,70296887.21163490
2017-12-14 13:00:00,0.00000892,0.00000908,0.00000876,0.00000899,4747384.00000000,1513259999999,42.16566382,904,1901499.00000000,16.90194789,70204561.13900950
2017-12-14 14:00:00,0.00000899,0.00000947,0.00000899,0.00000947,4892145.00000000,1513263599999,45.11208469,1050,1970555.00000000,18.18519738,70028479.09708550
2017-12-14 15:00:00,0.00000947,0.00001000,0.00000930,0.00000931,7519075.00000000,1513267199999,72.45176330,1461,3527052.00000000,34.05858917,70871877.60741560
2017-12-14 16:00:00,0.00000932,0.00000950,0.00000925,0.00000946,5721984.00000000,1513270799999,53.70440060,827,1859742.00000000,17.43862182,71554772.60035580
2017-12-14 17:00:00,0.00000946,0.00000969,0.00000940,0.00000960,6019194.00000000,1513274399999,57.46689143,863,2519751.00000000,24.05587628,71627181.64941250
2017-12-14 18:00:00,0.00000960,0.00001592,0.00000960,0.00001277,18809381.00000000,1513277999999,228.39532924,4135,11030792.00000000,134.60653195,76628760.75659030
2017-12-14 19:00:00,0.00001275,0.00001350,0.00001105,0.00001174,22835260.00000000,1513281599999,278.63722861,4384,11211964.00000000,137.58673615,90507571.57597310
2017-12-14 20:00:00,0.00001175,0.00001313,0.00001151,0.00001190,11979345.00000000,1513285199999,147.51265946,2765,5829617.00000000,71.70703418,93783421.95200400
2017-12-14 21:00:00,0.00001190,0.00001224,0.00001119,0.00001200,12525074.00000000,1513288799999,146.22811048,1896,6656200.00000000,77.66830749,96673611.95519980
2017-12-14 22:00:00,0.00001195,0.00001224,0.00001047,0.00001068,13919025.00000000,1513292399999,155.97815491,2787,7318223.00000000,82.25018078,100213820.99865250
2017-12-14 23:00:00,0.00001068,0.00001167,0.00001067,0.00001156,8371623.00000000,1513295999999,93.01383233,2374,3920039.00000000,43.66783268,102414490.81078060
2017-12-15 00:00:00,0.00001156,0.00001288,0.00001050,0.00001060,17085559.00000000,1513299599999,200.80973784,3075,9119361.00000000,107.52276440,106171294.97193340
2017-12-15 01:00:00,0.00001066,0.00001146,0.00000999,0.00001052,12069160.00000000,1513303199999,129.41555858,2170,5576615.00000000,59.69191756,109609305.65233930
2017-12-15 02:00:00,0.00001054,0.00001084,0.00000872,0.00000973,9994265.00000000,1513306799999,98.41659620,1731,4275111.00000000,42.19824725,109380554.05692430
2017-12-15 03:00:00,0.00000973,0.00001039,0.00000915,0.00001000,8468324.00000000,1513310399999,83.51912307,1442,4817523.00000000,47.46094343,108442018.76593610
2017-12-15 04:00:00,0.00000996,0.00001043,0.00000972,0.00000994,11248993.00000000,1513313999999,113.17029250,1524,5284129.00000000,53.10356854,108616253.16807200
2017-12-15 05:00:00,0.00000996,0.00001035,0.00000970,0.00001032,8751999.00000000,1513317599999,87.45833800,1121,3293658.00000000,32.92450069,108783612.74443770
2017-12-15 06:00:00,0.00001035,0.00001128,0.00001014,0.00001085,10621045.00000000,1513321199999,113.15031141,1677,5060504.00000000,53.86456042,110030988.66750570
2017-12-15 07:00:00,0.00001085,0.00001110,0.00001066,0.00001085,12147251.00000000,1513324799999,131.93437080,1474,4818355.00000000,52.25941734,110869361.19344950
2017-12-15 08:00:00,0.00001093,0.00001142,0.00001078,0.00001110,9761167.00000000,1513328399999,107.79846758,1633,4127567.00000000,45.62735701,112914117.53765790
2017-12-15 09:00:00,0.00001123,0.00001123,0.00001022,0.00001029,7384948.00000000,1513331999999,78.43490349,1409,3672059.00000000,38.82217124,113369769.34681660
2017-12-15 10:00:00,0.00001022,0.00001050,0.00000963,0.00001027,11487970.00000000,1513335599999,115.35180047,1432,4754307.00000000,47.63289910,113779970.80486780
2017-12-15 11:00:00,0.00001027,0.00001035,0.00000975,0.00000997,6797740.00000000,1513339199999,68.86975710,1089,2225015.00000000,22.56251240,113718394.23553530
2017-12-15 12:00:00,0.00000998,0.00001051,0.00000988,0.00001042,7542861.00000000,1513342799999,76.96953804,1032,2963367.00000000,30.32592375,113718617.74315760
2017-12-15 13:00:00,0.00001041,0.00001084,0.00001040,0.00001057,6546252.00000000,1513346399999,69.35886446,1361,2569622.00000000,27.26372022,114161174.80754530
2017-12-15 14:00:00,0.00001052,0.00001116,0.00001040,0.00001102,9789241.00000000,1513349999999,104.66741433,1740,4380786.00000000,46.89333467,114491812.72992400
2017-12-15 15:00:00,0.00001103,0.00001130,0.00001079,0.00001120,7350051.00000000,1513353599999,80.78883333,1598,3839618.00000000,42.22602708,116116390.87665990
2017-12-15 16:00:00,0.00001122,0.00001132,0.00001054,0.00001084,10577043.00000000,1513357199999,115.50005525,2007,3856349.00000000,42.00623289,118135029.29838190
2017-12-15 17:00:00,0.00001086,0.00001104,0.00001054,0.00001081,8494922.00000000,1513360799999,91.88128694,1527,3123264.00000000,33.85201883,119407599.59103260
2017-12-15 18:00:00,0.00001079,0.00001088,0.00001026,0.00001027,10249666.00000000,1513364399999,109.20718156,1850,2657213.00000000,28.34061873,120898859.54301550
2017-12-15 19:00:00,0.00001029,0.00001049,0.00001010,0.00001032,4972230.00000000,1513367999999,51.35010139,1209,1889891.00000000,19.52288710,121151007.83125610
2017-12-15 20:00:00,0.00001030,0.00001093,0.00001020,0.00001072,6578137.00000000,1513371599999,69.55115214,1247,2927833.00000000,30.99165936,121665055.87677610
2017-12-15 21:00:00,0.00001081,0.00001088,0.00001054,0.00001075,7003738.00000000,1513375199999,74.98417907,1104,2465049.00000000,26.40665536,121953163.41536240
2017-12-15 22:00:00,0.00001075,0.00001159,0.00001075,0.00001125,8296031.00000000,1513378799999,92.27272342,1778,4071785.00000000,45.34393135,123529383.49584940
2017-12-15 23:00:00,0.00001126,0.00001170,0.00001102,0.00001116,7818171.00000000,1513382399999,88.26803085,2395,3355557.00000000,37.87566375,125314502.25264310
2017-12-16 00:00:00,0.00001116,0.00001119,0.00001075,0.00001079,8461297.00000000,1513385999999,91.68718808,1466,3033316.00000000,32.89524844,126213867.75372380
2017-12-16 01:00:00,0.00001079,0.00001120,0.00001076,0.00001111,10514206.00000000,1513389599999,115.43993676,1510,4178326.00000000,45.89786691,126567404.44129860
2017-12-16 02:00:00,0.00001113,0.00001142,0.00001110,0.00001130,8406613.00000000,1513393199999,94.90409646,1537,3661494.00000000,41.38774210,127150777.18146280
2017-12-16 03:00:00,0.00001135,0.00001135,0.00001101,0.00001113,9752751.00000000,1513396799999,108.87887395,1272,3827323.00000000,42.74147701,127765955.21766630
2017-12-16 04:00:00,0.00001113,0.00001125,0.00001091,0.00001115,7454583.00000000,1513400399999,82.66413038,1154,3109329.00000000,34.49643860,127902148.41376070
2017-12-16 05:00:00,0.00001116,0.00001146,0.00001114,0.00001146,6829763.00000000,1513403999999,76.55939268,1176,2717459.00000000,30.48249328,128140560.55343950
2017-12-16 06:00:00,0.00001145,0.00001148,0.00001077,0.00001091,7875395.00000000,1513407599999,87.53342866,1475,3234115.00000000,35.84599601,129778244.92686990
2017-12-16 07:00:00,0.00001091,0.00001092,0.00001050,0.00001080,6382105.00000000,1513411199999,68.53310155,1152,2887117.00000000,31.06987414,131215991.44264140
2017-12-16 08:00:00,0.00001079,0.00001141,0.00001066,0.00001140,4403354.00000000,1513414799999,48.32420108,1050,2615010.00000000,28.83399118,130917960.60345950
2017-12-16 09:00:00,0.00001140,0.00001168,0.00001122,0.00001122,5681372.00000000,1513418399999,65.33329719,1335,2546843.00000000,29.33992475,131419725.57509670
2017-12-16 10:00:00,0.00001122,0.00001161,0.00001111,0.00001158,3062731.00000000,1513421999999,34.90955751,1032,1950659.00000000,22.22466132,131441959.54997390
2017-12-16 11:00:00,0.00001158,0.00001179,0.00001136,0.00001153,5350800.00000000,1513425599999,61.73027759,1228,2436596.00000000,28.13747878,131697637.79950760
2017-12-16 12:00:00,0.00001153,0.00001199,0.00001150,0.00001174,7254387.00000000,1513429199999,85.01647147,1352,3211668.00000000,37.61618513,131578380.40059280
2017-12-16 13:00:00,0.00001174,0.00001205,0.00001075,0.00001124,8980384.00000000,1513432799999,101.28072792,1890,3912137.00000000,44.24577322,132395630.34254700
2017-12-16 14:00:00,0.00001114,0.00001126,0.00001079,0.00001100,7263842.00000000,1513436399999,80.58166614,1272,2864849.00000000,31.80900597,132356151.15934530
2017-12-16 15:00:00,0.00001100,0.00001104,0.00001000,0.00001007,9626499.00000000,1513439999999,102.31415013,1735,3750240.00000000,39.87827092,133200588.02651660
2017-12-16 16:00:00,0.00001005,0.00001115,0.00001005,0.00001048,7665685.00000000,1513443599999,80.18261775,1499,3687300.00000000,38.67744368,133187379.47186940
2017-12-16 17:00:00,0.00001048,0.00001098,0.00001036,0.00001072,9498277.00000000,1513447199999,102.17508107,1446,3588909.00000000,38.58839000,132813797.00354270
2017-12-16 18:00:00,0.00001072,0.00001154,0.00001072,0.00001142,10860177.00000000,1513450799999,121.87717767,2012,4466121.00000000,50.14142319,132992499.19464970
2017-12-16 19:00:00,0.00001146,0.00001147,0.00001077,0.00001084,7963200.00000000,1513454399999,87.76337456,1887,3604522.00000000,39.74855592,133655807.33609490
2017-12-16 20:00:00,0.00001083,0.00001131,0.00001080,0.00001100,7030510.00000000,1513457999999,77.37954671,1529,3093392.00000000,34.04980222,134854850.48051050
2017-12-16 21:00:00,0.00001098,0.00001120,0.00001094,0.00001102,8306979.00000000,1513461599999,92.05250169,1474,3588643.00000000,39.73773552,136537045.42283790
2017-12-16 22:00:00,0.00001104,0.00001142,0.00001100,0.00001132,7677404.00000000,1513465199999,85.91328492,1673,3888239.00000000,43.54471440,137114311.17783280
2017-12-16 23:00:00,0.00001140,0.00001402,0.00001138,0.00001219,19836914.00000000,1513468799999,246.04744218,4381,10272890.00000000,128.01040967,144837229.51209460
2017-12-17 00:00:00,0.00001219,0.00001248,0.00001181,0.00001227,8487936.00000000,1513472399999,103.22490011,2109,3425939.00000000,41.72707208,147241738.60993020
2017-12-17 01:00:00,0.00001228,0.00001300,0.00001193,0.00001227,11407235.00000000,1513475999999,141.02352338,2398,4512202.00000000,55.99035926,149059216.78633270
2017-12-17 02:00:00,0.00001226,0.00001380,0.00001198,0.00001317,9994033.00000000,1513479599999,125.95096172,2341,5071618.00000000,64.18741539,149410541.47340200
2017-12-17 03:00:00,0.00001315,0.00001500,0.00001300,0.00001488,17132525.00000000,1513483199999,239.17600329,3784,7706002.00000000,108.19473886,151244545.82126940
2017-12-17 04:00:00,0.00001488,0.00001570,0.00001419,0.00001471,15499806.00000000,1513486799999,230.45909740,4157,7597339.00000000,113.22060243,157277825.51610100
2017-12-17 05:00:00,0.00001470,0.00001529,0.00001350,0.00001405,12175200.00000000,1513490399999,176.22019258,2754,5461217.00000000,78.81705125,159860194.32224100
2017-12-17 06:00:00,0.00001406,0.00001503,0.00001406,0.00001464,8171892.00000000,1513493999999,118.26819139,2151,4006075.00000000,58.15257793,159799060.72212610
2017-12-17 07:00:00,0.00001484,0.00001575,0.00001451,0.00001519,10589685.00000000,1513497599999,160.93651169,2615,5807381.00000000,88.35925146,158704214.31621710
2017-12-17 08:00:00,0.00001519,0.00001545,0.00001434,0.00001483,9616420.00000000,1513501199999,146.05235583,2360,5615550.00000000,85.39849300,160174214.04462480
2017-12-17 09:00:00,0.00001483,0.00001494,0.00001367,0.00001429,8760729.00000000,1513504799999,125.45434192,2475,2930971.00000000,41.88955192,162368748.13487490
2017-12-17 10:00:00,0.00001433,0.00001435,0.00001380,0.00001406,3444939.00000000,1513508399999,48.70710540,1531,1422455.00000000,20.16026489,163547848.08042830
2017-12-17 11:00:00,0.00001407,0.00001410,0.00001305,0.00001308,5800456.00000000,1513511999999,78.61554832,1483,2863351.00000000,38.75835576,166342080.49140380
2017-12-17 12:00:00,0.00001310,0.00001348,0.00001225,0.00001321,7879643.00000000,1513515599999,100.97272736,2201,3712753.00000000,47.53398024,166205370.37307850
2017-12-17 13:00:00,0.00001320,0.00001399,0.00001310,0.00001350,6292824.00000000,1513519199999,84.75561499,1879,3544828.00000000,47.73261236,165753960.40163900
2017-12-17 14:00:00,0.00001349,0.00001385,0.00001284,0.00001323,3426492.00000000,1513522799999,45.30837643,1642,1647664.00000000,21.79632553,166501294.88564470
2017-12-17 15:00:00,0.00001323,0.00001363,0.00001320,0.00001354,2639145.00000000,1513526399999,35.44195687,1348,1120636.00000000,15.05337076,167579187.38813060
2017-12-17 16:00:00,0.00001353,0.00001443,0.00001346,0.00001433,6612207.00000000,1513529999999,91.14401176,2101,3277361.00000000,45.38054896,169287052.80476540
2017-12-17 17:00:00,0.00001436,0.00001440,0.00001378,0.00001407,3635310.00000000,1513533599999,50.90093262,1889,1562524.00000000,21.90332781,170785331.55050630
2017-12-17 18:00:00,0.00001408,0.00001477,0.00001402,0.00001475,4253098.00000000,1513537199999,61.10274655,1793,2079721.00000000,29.87894428,171444224.92051590
2017-12-17 19:00:00,0.00001475,0.00001486,0.00001361,0.00001395,6154827.00000000,1513540799999,87.54539186,2267,2338653.00000000,33.27576198,171935845.44737760
2017-12-17 20:00:00,0.00001397,0.00001409,0.00001350,0.00001403,3568066.00000000,1513544399999,49.28299462,1536,1798568.00000000,24.85651759,170218188.14520010
2017-12-17 21:00:00,0.00001403,0.00001454,0.00001403,0.00001425,4599829.00000000,1513547999999,65.76620663,1816,2455006.00000000,35.10564643,170543501.79080340
2017-12-17 22:00:00,0.00001426,0.00001454,0.00001347,0.00001372,4565601.00000000,1513551599999,63.82783397,1862,1924583.00000000,26.93511692,171787636.58552230
2017-12-17 23:00:00,0.00001372,0.00001407,0.00001340,0.00001405,3391601.00000000,1513555199999,46.49484382,1275,1855815.00000000,25.46429162,173173553.22664580
2017-12-18 00:00:00,0.00001404,0.00001484,0.00001400,0.00001420,6354555.00000000,1513558799999,91.74326631,1946,3067661.00000000,44.33776353,175032280.18868150
2017-12-18 01:00:00,0.00001419,0.00001448,0.00001383,0.00001429,4246822.00000000,1513562399999,60.16645149,1380,1795057.00000000,25.48640414,175298427.96047000
2017-12-18 02:00:00,0.00001427,0.00001498,0.00001416,0.00001445,2829919.00000000,1513565999999,40.99298959,1151,1719812.00000000,25.00096001,176822471.16608530
2017-12-18 03:00:00,0.00001447,0.00001463,0.00001430,0.00001453,2344313.00000000,1513569599999,34.01073605,1057,1277876.00000000,18.56041497,177363272.31477970
2017-12-18 04:00:00,0.00001453,0.00001454,0.00001402,0.00001421,2822601.00000000,1513573199999,40.28978133,1175,1131277.00000000,16.17483917,178541236.55144240
2017-12-18 05:00:00,0.00001421,0.00001422,0.00001381,0.00001405,2282749.00000000,1513576799999,31.95819929,1165,983388.00000000,13.75954286,178739803.10265070
2017-12-18 06:00:00,0.00001405,0.00001424,0.00001313,0.00001401,4515415.00000000,1513580399999,62.69470558,1550,1988959.00000000,27.73633085,178634947.07024090
2017-12-18 07:00:00,0.00001401,0.00001439,0.00001379,0.00001417,6548856.00000000,1513583999999,92.55974511,1420,3006609.00000000,42.54579913,178580427.37366680
2017-12-18 08:00:00,0.00001420,0.00001468,0.00001408,0.00001444,8760139.00000000,1513587599999,125.47155306,1468,4425759.00000000,63.46609176,177902961.75507680
2017-12-18 09:00:00,0.00001445,0.00001450,0.00001414,0.00001449,7010205.00000000,1513591199999,100.53067515,1162,2214821.00000000,31.78868973,177629300.17729870
2017-12-18 10:00:00,0.00001449,0.00001449,0.00001415,0.00001441,4447449.00000000,1513594799999,63.85439346,1000,1796751.00000000,25.82797268,177480736.02705790
2017-12-18 11:00:00,0.00001441,0.00001445,0.00001421,0.00001421,3190198.00000000,1513598399999,45.72644833,1002,1032657.00000000,14.82011963,177641221.48885370
2017-12-18 12:00:00,0.00001422,0.00001446,0.00001414,0.00001422,2808172.00000000,1513600155257,40.24781260,670,1222565.00000000,17.53356760,177393070.30571560
2017-12-18 13:00:00,0.00001421,0.00001421,0.00001360,0.00001398,3967418.00000000,1513605599999,54.88625584,947,1546863.00000000,21.38645775,0
2017-12-18 14:00:00,0.00001398,0.00001457,0.00001376,0.00001420,5270001.00000000,1513609199999,73.94791819,1726,2653621.00000000,37.32990135,0
2017-12-18 15:00:00,0.00001419,0.00001425,0.00001383,0.00001419,4881965.00000000,1513612799999,68.63090718,1288,2148672.00000000,30.17822002,0
2017-12-18 16:00:00,0.00001420,0.00001426,0.00001400,0.00001415,3095895.00000000,1513616399999,43.80722335,1294,1196633.00000000,16.94916025,0
2017-12-18 17:00:00,0.00001415,0.00001427,0.00001384,0.00001394,5732169.00000000,1513619999999,80.97675314,1672,1896384.00000000,26.77634159,0
2017-12-18 18:00:00,0.00001393,0.00001405,0.00001358,0.00001395,4379891.00000000,1513623599999,61.03401405,1627,1508182.00000000,21.02809079,0
2017-12-18 19:00:00,0.00001395,0.00001400,0.00001374,0.00001387,2825122.00000000,1513627199999,39.14492254,1514,1046748.00000000,14.51099018,0
2017-12-18 20:00:00,0.00001388,0.00001421,0.00001387,0.00001404,6377532.00000000,1513630799999,89.76786170,1924,2929252.00000000,41.19867729,0
2017-12-18 21:00:00,0.00001402,0.00001480,0.00001401,0.00001461,6079172.00000000,1513634399999,88.14678737,2280,2960211.00000000,42.86742510,0
2017-12-18 22:00:00,0.00001462,0.00001472,0.00001437,0.00001454,6179262.00000000,1513637999999,90.00070944,1919,2480506.00000000,36.17437481,0
2017-12-18 23:00:00,0.00001454,0.00001472,0.00001437,0.00001466,7067718.00000000,1513641599999,102.98659764,1832,2241772.00000000,32.69559071,0
2017-12-19 00:00:00,0.00001466,0.00001490,0.00001447,0.00001460,8558065.00000000,1513645199999,125.45990378,1874,3543421.00000000,51.98080688,0
2017-12-19 01:00:00,0.00001460,0.00001495,0.00001450,0.00001473,7142185.00000000,1513648799999,104.80023174,1747,2746826.00000000,40.34355264,0
2017-12-19 02:00:00,0.00001472,0.00001544,0.00001471,0.00001544,9085565.00000000,1513652399999,136.60318819,2150,5418384.00000000,81.63359477,0
2017-12-19 03:00:00,0.00001542,0.00001593,0.00001513,0.00001587,9898977.00000000,1513655999999,154.06469964,2427,4758534.00000000,74.07414283,0
2017-12-19 04:00:00,0.00001588,0.00001630,0.00001533,0.00001563,10728251.00000000,1513659599999,168.74406439,2901,4431052.00000000,69.87050690,0
2017-12-19 05:00:00,0.00001564,0.00001641,0.00001554,0.00001579,6587715.00000000,1513663199999,104.26744096,1911,2708654.00000000,43.01674238,0
2017-12-19 06:00:00,0.00001579,0.00001600,0.00001541,0.00001547,9298716.00000000,1513666799999,146.55017360,1939,2722537.00000000,42.93997155,0
2017-12-19 07:00:00,0.00001547,0.00001573,0.00001528,0.00001531,7426617.00000000,1513670399999,114.89578876,1799,2772387.00000000,42.97642381,0
2017-12-19 08:00:00,0.00001532,0.00001565,0.00001505,0.00001562,3473581.00000000,1513673999999,53.59162544,1252,1122595.00000000,17.30840779,0
2017-12-19 09:00:00,0.00001562,0.00001563,0.00001517,0.00001527,4861542.00000000,1513677599999,75.06062761,1411,1490254.00000000,22.98926290,0
2017-12-19 10:00:00,0.00001528,0.00001545,0.00001466,0.00001494,6158043.00000000,1513681199999,92.30615042,1939,1864523.00000000,27.87864861,0
2017-12-19 11:00:00,0.00001498,0.00001534,0.00001481,0.00001503,4566618.00000000,1513684799999,68.83294749,1365,1691253.00000000,25.47546369,0
2017-12-19 12:00:00,0.00001505,0.00001546,0.00001503,0.00001536,5868113.00000000,1513688399999,89.15658941,1128,1885015.00000000,28.64022376,0
2017-12-19 13:00:00,0.00001536,0.00001559,0.00001520,0.00001523,7524562.00000000,1513691999999,116.01107971,1483,2787261.00000000,42.96146159,0
2017-12-19 14:00:00,0.00001523,0.00001590,0.00001500,0.00001550,8888809.00000000,1513695599999,136.70860807,2212,3413443.00000000,52.52431483,0
2017-12-19 15:00:00,0.00001549,0.00001550,0.00001485,0.00001509,7498875.00000000,1513699199999,113.14905505,1959,3799869.00000000,57.29106981,0
2017-12-19 16:00:00,0.00001510,0.00001532,0.00001483,0.00001512,6618087.00000000,1513702799999,99.79080990,1629,2524515.00000000,38.08029305,0
2017-12-19 17:00:00,0.00001512,0.00001524,0.00001486,0.00001494,4660411.00000000,1513706399999,70.18796795,1642,1952255.00000000,29.40968239,0
2017-12-19 18:00:00,0.00001490,0.00001519,0.00001485,0.00001518,6463528.00000000,1513709999999,96.80848266,1383,2247030.00000000,33.66786808,0
2017-12-19 19:00:00,0.00001517,0.00001565,0.00001515,0.00001556,5131494.00000000,1513713599999,78.80856567,1546,3246474.00000000,49.91649197,0
2017-12-19 20:00:00,0.00001556,0.00001563,0.00001521,0.00001540,6743418.00000000,1513717199999,104.21752549,1816,2327622.00000000,35.98652575,0
2017-12-19 21:00:00,0.00001539,0.00001555,0.00001437,0.00001441,5014722.00000000,1513720799999,74.94286226,2153,2356051.00000000,35.25066230,0
2017-12-19 22:00:00,0.00001440,0.00001490,0.00001402,0.00001480,4034045.00000000,1513724399999,58.78999790,1824,1814805.00000000,26.47377648,0
2017-12-19 23:00:00,0.00001480,0.00001511,0.00001475,0.00001505,4767662.00000000,1513727999999,71.34233607,1452,1920520.00000000,28.71681193,0
2017-12-20 00:00:00,0.00001504,0.00001505,0.00001250,0.00001363,14395987.00000000,1513731599999,198.65343757,3440,5866494.00000000,80.67980762,0
2017-12-20 01:00:00,0.00001363,0.00001411,0.00001250,0.00001343,7836872.00000000,1513735199999,103.56575881,2383,2819315.00000000,37.58201598,0
2017-12-20 02:00:00,0.00001345,0.00001464,0.00001335,0.00001450,6969926.00000000,1513738799999,98.84765450,1996,3178557.00000000,45.01375747,0
2017-12-20 03:00:00,0.00001452,0.00001482,0.00001430,0.00001436,9487011.00000000,1513742399999,137.55488389,1762,3638185.00000000,52.83343873,0
2017-12-20 04:00:00,0.00001437,0.00001446,0.00001395,0.00001418,8247016.00000000,1513745999999,117.83782039,1298,2708428.00000000,38.73253095,0
2017-12-20 05:00:00,0.00001420,0.00001451,0.00001400,0.00001428,3914839.00000000,1513749599999,56.12105330,1138,1385468.00000000,19.86514079,0
2017-12-20 06:00:00,0.00001429,0.00001429,0.00001396,0.00001417,5917492.00000000,1513753199999,83.66959048,1389,2422589.00000000,34.29278144,0
2017-12-20 07:00:00,0.00001416,0.00001423,0.00001395,0.00001417,4444507.00000000,1513756799999,62.77630653,1130,1447319.00000000,20.45886852,0
2017-12-20 08:00:00,0.00001422,0.00001423,0.00001391,0.00001419,6417319.00000000,1513760399999,90.71894917,1045,2049019.00000000,28.98970049,0
2017-12-20 09:00:00,0.00001416,0.00001421,0.00001405,0.00001414,3289789.00000000,1513763999999,46.57785904,1000,1174472.00000000,16.63551447,0
2017-12-20 10:00:00,0.00001415,0.00001437,0.00001403,0.00001435,3314607.00000000,1513767599999,47.00949440,1102,1671056.00000000,23.70206823,0
2017-12-20 11:00:00,0.00001435,0.00001450,0.00001410,0.00001411,4624474.00000000,1513771199999,65.90386151,1295,1466028.00000000,20.91201660,0
2017-12-20 12:00:00,0.00001411,0.00001421,0.00001390,0.00001401,5114721.00000000,1513774799999,71.99304589,1379,1843208.00000000,25.93902387,0
2017-12-20 13:00:00,0.00001402,0.00001412,0.00001387,0.00001405,2314388.00000000,1513778399999,32.44137167,1139,968252.00000000,13.57708444,0
2017-12-20 14:00:00,0.00001405,0.00001405,0.00001360,0.00001382,3167572.00000000,1513781999999,43.69727363,1423,1384707.00000000,19.07012628,0
2017-12-20 15:00:00,0.00001382,0.00001779,0.00001382,0.00001667,35042510.00000000,1513785599999,566.49489159,7270,19827517.00000000,320.90235713,0
2017-12-20 16:00:00,0.00001650,0.00001667,0.00001475,0.00001509,12673680.00000000,1513789199999,194.15332336,3626,5062897.00000000,77.60757385,0
2017-12-20 17:00:00,0.00001511,0.00001558,0.00001477,0.00001505,6066256.00000000,1513792799999,91.47959440,2045,2748636.00000000,41.55421083,0
2017-12-20 18:00:00,0.00001506,0.00001511,0.00001472,0.00001497,5186746.00000000,1513796399999,77.37497660,1523,2447569.00000000,36.55044353,0
2017-12-20 19:00:00,0.00001501,0.00001599,0.00001500,0.00001543,9196897.00000000,1513799999999,143.82356340,2391,4804656.00000000,75.09880363,0
2017-12-20 20:00:00,0.00001543,0.00001572,0.00001497,0.00001509,7195793.00000000,1513803599999,110.35983051,2015,2760189.00000000,42.39820923,0
2017-12-20 21:00:00,0.00001509,0.00001544,0.00001494,0.00001518,8756942.00000000,1513807199999,132.80290556,1919,2935572.00000000,44.58531354,0
2017-12-20 22:00:00,0.00001515,0.00001559,0.00001500,0.00001545,7342799.00000000,1513810799999,111.72782521,1814,3162039.00000000,48.15178469,0
2017-12-20 23:00:00,0.00001545,0.00001567,0.00001519,0.00001526,6437873.00000000,1513814399999,99.48865823,1710,2545693.00000000,39.30420758,0
2017-12-21 00:00:00,0.00001526,0.00001566,0.00001501,0.00001519,8042120.00000000,1513817999999,123.19745830,1963,2848236.00000000,43.53342366,0
2017-12-21 01:00:00,0.00001516,0.00001630,0.00001516,0.00001606,10600548.00000000,1513821599999,166.87131428,2698,5322861.00000000,83.79662408,0
2017-12-21 02:00:00,0.00001606,0.00001639,0.00001569,0.00001617,6702292.00000000,1513825199999,106.18525119,1925,2509227.00000000,39.82221396,0
2017-12-21 03:00:00,0.00001617,0.00001686,0.00001604,0.00001656,7266806.00000000,1513828799999,120.03763136,2177,3850755.00000000,63.60595027,0
2017-12-21 04:00:00,0.00001656,0.00001656,0.00001564,0.00001601,7235417.00000000,1513832399999,116.32261478,2140,2648293.00000000,42.66899627,0
2017-12-21 05:00:00,0.00001600,0.00001605,0.00001575,0.00001597,3969166.00000000,1513835999999,63.01365824,1618,1768893.00000000,28.10130945,0
2017-12-21 06:00:00,0.00001597,0.00001625,0.00001575,0.00001576,5310401.00000000,1513839599999,84.58057932,1847,2647768.00000000,42.24302928,0
2017-12-21 07:00:00,0.00001576,0.00001581,0.00001530,0.00001555,9659411.00000000,1513843199999,150.34052624,1975,4302865.00000000,66.92977525,0
2017-12-21 08:00:00,0.00001558,0.00001575,0.00001540,0.00001551,7306154.00000000,1513846799999,113.56747674,1488,3112359.00000000,48.40114119,0
2017-12-21 09:00:00,0.00001550,0.00001575,0.00001544,0.00001571,6725437.00000000,1513850399999,105.24155699,1355,3176861.00000000,49.69652026,0
2017-12-21 10:00:00,0.00001572,0.00001590,0.00001570,0.00001586,7133383.00000000,1513853999999,112.76380908,1519,2912012.00000000,46.04266173,0
2017-12-21 11:00:00,0.00001586,0.00001597,0.00001574,0.00001577,5214109.00000000,1513857599999,82.62229419,1708,2067557.00000000,32.77154019,0
2017-12-21 12:00:00,0.00001576,0.00001592,0.00001565,0.00001583,6514816.00000000,1513861199999,102.66371939,1502,3518642.00000000,55.46881754,0
2017-12-21 13:00:00,0.00001583,0.00001636,0.00001571,0.00001617,9351544.00000000,1513864799999,150.08130959,2127,5712863.00000000,91.89999255,0
2017-12-21 14:00:00,0.00001616,0.00001640,0.00001595,0.00001617,7375093.00000000,1513868399999,119.38127304,2202,3935843.00000000,63.77031134,0
2017-12-21 15:00:00,0.00001617,0.00001635,0.00001511,0.00001515,9442058.00000000,1513871999999,149.05222990,2772,4491979.00000000,70.99512044,0
2017-12-21 16:00:00,0.00001515,0.00001586,0.00001511,0.00001582,7571951.00000000,1513875599999,118.11150746,1934,4571918.00000000,71.23381781,0
2017-12-21 17:00:00,0.00001582,0.00001615,0.00001570,0.00001582,7196277.00000000,1513879199999,114.94276240,1896,3474571.00000000,55.50860229,0
2017-12-21 18:00:00,0.00001582,0.00001600,0.00001565,0.00001580,7038084.00000000,1513882799999,110.98982287,1631,3441432.00000000,54.31873531,0
2017-12-21 19:00:00,0.00001580,0.00001600,0.00001576,0.00001600,5570153.00000000,1513886399999,88.53597470,1536,2725336.00000000,43.32688683,0
2017-12-21 20:00:00,0.00001600,0.00001602,0.00001570,0.00001590,2633492.00000000,1513889999999,41.80552217,1147,976568.00000000,15.57087803,0
2017-12-21 21:00:00,0.00001590,0.00001635,0.00001585,0.00001629,2619033.00000000,1513893599999,42.15143941,1152,1640459.00000000,26.41536091,0
2017-12-21 22:00:00,0.00001634,0.00001641,0.00001600,0.00001622,3193196.00000000,1513897199999,51.79208985,1591,1863348.00000000,30.22360364,0
2017-12-21 23:00:00,0.00001625,0.00001639,0.00001601,0.00001638,3125522.00000000,1513900799999,50.86514036,1073,1438663.00000000,23.43092851,0
2017-12-22 00:00:00,0.00001639,0.00001766,0.00001596,0.00001752,11039371.00000000,1513904399999,186.53588692,2789,8740377.00000000,147.75619263,0
2017-12-22 01:00:00,0.00001751,0.00001788,0.00001667,0.00001686,8368655.00000000,1513907999999,146.63811433,2683,5073807.00000000,89.18273688,0
2017-12-22 02:00:00,0.00001682,0.00001793,0.00001680,0.00001739,7725539.00000000,1513911599999,135.89736328,2236,4124172.00000000,72.67817589,0
2017-12-22 03:00:00,0.00001740,0.00001745,0.00001594,0.00001646,8455190.00000000,1513915199999,141.93618057,2263,4081965.00000000,68.54530342,0
2017-12-22 04:00:00,0.00001647,0.00001750,0.00001624,0.00001679,7103369.00000000,1513918799999,119.57414761,1905,4029381.00000000,67.82941382,0
2017-12-22 05:00:00,0.00001680,0.00001734,0.00001668,0.00001721,5806019.00000000,1513922399999,98.45749448,1400,2501810.00000000,42.42410632,0
2017-12-22 06:00:00,0.00001715,0.00001726,0.00001675,0.00001682,6648006.00000000,1513925999999,113.67288455,1432,3682365.00000000,63.01281356,0
2017-12-22 07:00:00,0.00001683,0.00001684,0.00001532,0.00001561,9765873.00000000,1513929599999,155.09227961,2428,3753866.00000000,59.73167339,0
2017-12-22 08:00:00,0.00001576,0.00001601,0.00001540,0.00001601,4582046.00000000,1513933199999,71.91918572,1566,2318448.00000000,36.42260642,0
2017-12-22 09:00:00,0.00001602,0.00001654,0.00001601,0.00001614,8855206.00000000,1513936799999,144.60190446,1511,3436607.00000000,56.12609888,0
2017-12-22 10:00:00,0.00001614,0.00001645,0.00001550,0.00001581,8067972.00000000,1513940399999,129.19144512,1465,3711864.00000000,59.23595166,0
2017-12-22 11:00:00,0.00001582,0.00001608,0.00001575,0.00001581,5917450.00000000,1513943999999,94.08473765,1255,2534580.00000000,40.31381697,0
2017-12-22 12:00:00,0.00001580,0.00001590,0.00001558,0.00001564,4635376.00000000,1513947599999,72.78744373,1104,2568366.00000000,40.35366377,0
2017-12-22 13:00:00,0.00001564,0.00001566,0.00001470,0.00001479,6668223.00000000,1513951199999,100.97389999,1803,2516622.00000000,38.18449519,0
2017-12-22 14:00:00,0.00001479,0.00001480,0.00001291,0.00001355,6977601.00000000,1513954799999,96.53958708,2538,3211924.00000000,44.32899021,0
2017-12-22 15:00:00,0.00001355,0.00001509,0.00001349,0.00001500,8044698.00000000,1513958399999,116.59365560,2134,4259696.00000000,61.59640618,0
2017-12-22 16:00:00,0.00001500,0.00001516,0.00001440,0.00001515,6934364.00000000,1513961999999,102.83036011,1982,3316377.00000000,49.21444750,0
2017-12-22 17:00:00,0.00001515,0.00001565,0.00001506,0.00001539,7004988.00000000,1513965599999,107.56075993,1404,3167738.00000000,48.53216687,0
2017-12-22 18:00:00,0.00001541,0.00001639,0.00001538,0.00001638,7119990.00000000,1513969199999,111.74400749,1536,3061518.00000000,48.05877423,0
2017-12-22 19:00:00,0.00001638,0.00001661,0.00001601,0.00001633,6688993.00000000,1513972799999,110.00684856,1872,3161947.00000000,52.02876882,0
2017-12-22 20:00:00,0.00001634,0.00001647,0.00001543,0.00001582,5317049.00000000,1513976399999,85.63871726,1647,2586700.00000000,41.61755191,0
2017-12-22 21:00:00,0.00001584,0.00001594,0.00001561,0.00001582,5448418.00000000,1513979999999,85.89665089,1378,2550841.00000000,40.20440724,0
2017-12-22 22:00:00,0.00001582,0.00001627,0.00001552,0.00001595,7577673.00000000,1513983599999,119.98819629,1508,2907502.00000000,46.08438792,0
2017-12-22 23:00:00,0.00001595,0.00001608,0.00001550,0.00001565,6728660.00000000,1513987199999,106.18644356,1542,2968041.00000000,46.86267847,0
2017-12-23 00:00:00,0.00001565,0.00001614,0.00001537,0.00001579,1510167.00000000,1513990799999,23.87633685,894,723311.00000000,11.46758923,0
2017-12-23 01:00:00,0.00001578,0.00001592,0.00001550,0.00001580,1263547.00000000,1513994399999,19.97439502,669,714981.00000000,11.31198817,0
2017-12-23 02:00:00,0.00001584,0.00001585,0.00001547,0.00001568,1936542.00000000,1513997999999,30.38048118,805,1124199.00000000,17.66497281,0
2017-12-23 03:00:00,0.00001568,0.00001585,0.00001556,0.00001571,1385865.00000000,1514001599999,21.71326810,806,556535.00000000,8.72222652,0
2017-12-23 04:00:00,0.00001568,0.00001602,0.00001560,0.00001593,1937409.00000000,1514005199999,30.64667079,910,1204484.00000000,19.06081887,0
2017-12-23 05:00:00,0.00001593,0.00001605,0.00001562,0.00001576,2538158.00000000,1514008799999,40.28853146,1123,1256903.00000000,19.95943810,0
2017-12-23 06:00:00,0.00001572,0.00001589,0.00001528,0.00001566,1601586.00000000,1514012399999,24.89632384,938,854956.00000000,13.29333153,0
2017-12-23 07:00:00,0.00001563,0.00001574,0.00001555,0.00001562,1110368.00000000,1514015999999,17.36824096,608,650019.00000000,10.17418751,0
2017-12-23 08:00:00,0.00001562,0.00001574,0.00001555,0.00001563,1154620.00000000,1514019599999,18.07347734,547,751622.00000000,11.77045769,0
2017-12-23 09:00:00,0.00001565,0.00001584,0.00001561,0.00001579,2166141.00000000,1514023199999,34.03130534,706,1034373.00000000,16.27170277,0
2017-12-23 10:00:00,0.00001578,0.00001597,0.00001576,0.00001597,1228202.00000000,1514026799999,19.48074983,676,815296.00000000,12.93391450,0
2017-12-23 11:00:00,0.00001595,0.00001621,0.00001575,0.00001596,3545973.00000000,1514030399999,56.83673735,1221,1370882.00000000,22.00823534,0
2017-12-23 12:00:00,0.00001595,0.00001612,0.00001559,0.00001575,1779284.00000000,1514033999999,28.23953188,1098,819792.00000000,12.99156934,0
2017-12-23 13:00:00,0.00001575,0.00001585,0.00001550,0.00001574,2271143.00000000,1514037599999,35.54984503,1162,1038438.00000000,16.29101453,0
2017-12-23 14:00:00,0.00001574,0.00001597,0.00001544,0.00001564,4390660.00000000,1514041199999,69.38080170,1425,1927495.00000000,30.44533889,0
2017-12-23 15:00:00,0.00001560,0.00001590,0.00001540,0.00001576,4665655.00000000,1514044799999,72.99253973,1798,2182800.00000000,34.14559970,0
2017-12-23 16:00:00,0.00001576,0.00001633,0.00001568,0.00001600,5672312.00000000,1514048399999,90.08083840,1720,2757359.00000000,43.95523698,0
2017-12-23 17:00:00,0.00001600,0.00001670,0.00001569,0.00001579,8170009.00000000,1514051999999,130.57436394,2033,4153964.00000000,66.84269353,0
2017-12-23 18:00:00,0.00001578,0.00001619,0.00001570,0.00001582,6001782.00000000,1514055599999,95.30688496,1832,2602753.00000000,41.39186338,0
2017-12-23 19:00:00,0.00001582,0.00001607,0.00001579,0.00001596,7438366.00000000,1514059199999,118.65199752,1767,2967424.00000000,47.37462133,0
2017-12-23 20:00:00,0.00001596,0.00001671,0.00001590,0.00001661,8268725.00000000,1514062799999,134.27597426,2512,3983752.00000000,64.77603047,0
2017-12-23 21:00:00,0.00001661,0.00001711,0.00001649,0.00001680,7926695.00000000,1514066399999,133.61990585,3126,4185946.00000000,70.61102697,0
2017-12-23 22:00:00,0.00001680,0.00001680,0.00001615,0.00001618,5766730.00000000,1514069999999,94.99996126,2094,2715062.00000000,44.73897444,0
2017-12-23 23:00:00,0.00001617,0.00001659,0.00001600,0.00001610,7457680.00000000,1514073599999,121.05614796,1882,3274852.00000000,53.23351772,0
2017-12-24 00:00:00,0.00001610,0.00001620,0.00001579,0.00001616,4537853.00000000,1514077199999,72.62564097,1448,2288181.00000000,36.64298530,0
2017-12-24 01:00:00,0.00001617,0.00001625,0.00001585,0.00001593,4851595.00000000,1514080799999,77.90145076,1225,2455185.00000000,39.43156618,0
2017-12-24 02:00:00,0.00001592,0.00001600,0.00001552,0.00001555,5129849.00000000,1514084399999,80.88960901,1141,2020230.00000000,31.84956415,0
2017-12-24 03:00:00,0.00001555,0.00001600,0.00001552,0.00001575,4759266.00000000,1514087999999,75.28147700,1246,2358284.00000000,37.33799748,0
2017-12-24 04:00:00,0.00001576,0.00001600,0.00001569,0.00001584,3657729.00000000,1514091599999,57.92617056,972,2020164.00000000,32.00516960,0
2017-12-24 05:00:00,0.00001582,0.00001612,0.00001567,0.00001577,4878973.00000000,1514095199999,77.32706835,1021,1751470.00000000,27.77422561,0
2017-12-24 06:00:00,0.00001576,0.00001591,0.00001574,0.00001581,4354321.00000000,1514098799999,68.86129349,956,2136125.00000000,33.79675313,0
2017-12-24 07:00:00,0.00001580,0.00001600,0.00001578,0.00001587,2349073.00000000,1514102399999,37.25093775,816,773120.00000000,12.27305702,0
2017-12-24 08:00:00,0.00001586,0.00001588,0.00001556,0.00001579,1573012.00000000,1514105999999,24.68259073,848,704363.00000000,11.06181706,0
2017-12-24 09:00:00,0.00001580,0.00001605,0.00001574,0.00001581,1692888.00000000,1514109599999,26.86384729,836,808308.00000000,12.85603386,0
2017-12-24 10:00:00,0.00001580,0.00001590,0.00001554,0.00001557,1407238.00000000,1514113199999,22.07713279,717,570985.00000000,8.95736996,0
2017-12-24 11:00:00,0.00001560,0.00001570,0.00001521,0.00001540,1939700.00000000,1514116799999,30.07036284,1016,743212.00000000,11.52588503,0
2017-12-24 12:00:00,0.00001542,0.00001559,0.00001524,0.00001546,1476414.00000000,1514120399999,22.77875275,751,812112.00000000,12.54237219,0
2017-12-24 13:00:00,0.00001546,0.00001572,0.00001543,0.00001552,1273849.00000000,1514123999999,19.86928264,842,562132.00000000,8.77503897,0
2017-12-24 14:00:00,0.00001553,0.00001570,0.00001540,0.00001560,1333784.00000000,1514127599999,20.81399156,735,656691.00000000,10.25818059,0
2017-12-24 15:00:00,0.00001562,0.00001578,0.00001554,0.00001559,1904502.00000000,1514131199999,29.87514026,850,792148.00000000,12.41967568,0
2017-12-24 16:00:00,0.00001559,0.00001579,0.00001545,0.00001554,1564987.00000000,1514134799999,24.48590484,873,716999.00000000,11.22917910,0
2017-12-24 17:00:00,0.00001555,0.00001567,0.00001538,0.00001553,1141234.00000000,1514138399999,17.77716038,754,535868.00000000,8.35511511,0
2017-12-24 18:00:00,0.00001558,0.00001572,0.00001550,0.00001572,1096648.00000000,1514141999999,17.09107880,554,622037.00000000,9.70523295,0
2017-12-24 19:00:00,0.00001571,0.00001582,0.00001565,0.00001568,1305805.00000000,1514145599999,20.51848295,712,928404.00000000,14.59396811,0
2017-12-24 20:00:00,0.00001568,0.00001582,0.00001555,0.00001577,928154.00000000,1514149199999,14.55073941,749,419490.00000000,6.57485024,0
2017-12-24 21:00:00,0.00001582,0.00001614,0.00001572,0.00001610,1874788.00000000,1514152799999,29.95267265,1025,1064905.00000000,17.00058111,0
2017-12-24 22:00:00,0.00001609,0.00001630,0.00001592,0.00001602,2415258.00000000,1514156399999,38.94483533,1444,959576.00000000,15.46756292,0
2017-12-24 23:00:00,0.00001602,0.00001647,0.00001595,0.00001607,2289574.00000000,1514159999999,36.73915252,1137,1114970.00000000,17.93388447,0
2017-12-25 00:00:00,0.00001605,0.00001619,0.00001572,0.00001587,1692071.00000000,1514163599999,26.94813221,1216,696854.00000000,11.10745590,0
2017-12-25 01:00:00,0.00001581,0.00001590,0.00001570,0.00001575,2113291.00000000,1514167199999,33.37359720,1130,864342.00000000,13.66111410,0
2017-12-25 02:00:00,0.00001575,0.00001590,0.00001556,0.00001572,3556470.00000000,1514170799999,55.91963443,964,1250236.00000000,19.67452944,0
2017-12-25 03:00:00,0.00001572,0.00001588,0.00001563,0.00001581,3360921.00000000,1514174399999,52.99556672,1010,1565940.00000000,24.70243255,0
2017-12-25 04:00:00,0.00001583,0.00001585,0.00001557,0.00001577,5144857.00000000,1514177999999,80.74847975,1276,2446145.00000000,38.38803893,0
2017-12-25 05:00:00,0.00001576,0.00001603,0.00001555,0.00001593,4603618.00000000,1514181599999,72.80847455,1059,1770263.00000000,28.03576567,0
2017-12-25 06:00:00,0.00001592,0.00001600,0.00001587,0.00001599,4284837.00000000,1514185199999,68.27475676,993,1993090.00000000,31.76708616,0
2017-12-25 07:00:00,0.00001599,0.00001612,0.00001573,0.00001601,5167100.00000000,1514188799999,82.63159599,1185,2105487.00000000,33.70085183,0
2017-12-25 08:00:00,0.00001601,0.00001612,0.00001590,0.00001605,4446667.00000000,1514192399999,71.22017649,1148,1618793.00000000,25.92804520,0
2017-12-25 09:00:00,0.00001604,0.00001620,0.00001601,0.00001615,5146055.00000000,1514195999999,82.82995844,1374,1974888.00000000,31.80850439,0
2017-12-25 10:00:00,0.00001612,0.00001650,0.00001598,0.00001605,5354597.00000000,1514199599999,86.71896735,1803,2697430.00000000,43.78009291,0
2017-12-25 11:00:00,0.00001607,0.00001615,0.00001589,0.00001603,4860484.00000000,1514203199999,77.86357268,1207,2256548.00000000,36.15851428,0
2017-12-25 12:00:00,0.00001601,0.00001608,0.00001583,0.00001605,3823178.00000000,1514206799999,61.09770382,1136,1833987.00000000,29.30186613,0
2017-12-25 13:00:00,0.00001606,0.00001609,0.00001590,0.00001606,3376020.00000000,1514210399999,53.98774881,1061,1482878.00000000,23.73035056,0
2017-12-25 14:00:00,0.00001606,0.00001610,0.00001591,0.00001600,5406333.00000000,1514213999999,86.52678953,1215,1898673.00000000,30.39370012,0
2017-12-25 15:00:00,0.00001600,0.00001620,0.00001598,0.00001617,3882564.00000000,1514217599999,62.57251476,1167,1755061.00000000,28.28747681,0
2017-12-25 16:00:00,0.00001617,0.00001640,0.00001605,0.00001639,4133063.00000000,1514221199999,67.22306429,1414,1879430.00000000,30.59168583,0
2017-12-25 17:00:00,0.00001640,0.00001641,0.00001617,0.00001635,5969719.00000000,1514224799999,97.36001321,1511,2479413.00000000,40.45828538,0
2017-12-25 18:00:00,0.00001635,0.00001637,0.00001606,0.00001611,5208210.00000000,1514228399999,84.63097142,1291,2145146.00000000,34.88990625,0
2017-12-25 19:00:00,0.00001612,0.00001634,0.00001609,0.00001622,3035176.00000000,1514231999999,49.27927691,1045,1856258.00000000,30.16105266,0
2017-12-25 20:00:00,0.00001622,0.00001633,0.00001617,0.00001632,3382474.00000000,1514235599999,55.01179871,1057,1701723.00000000,27.68251832,0
2017-12-25 21:00:00,0.00001632,0.00001634,0.00001616,0.00001625,3742351.00000000,1514239199999,60.88449857,890,1128081.00000000,18.35742410,0
2017-12-25 22:00:00,0.00001625,0.00001631,0.00001606,0.00001607,4205546.00000000,1514242799999,68.04781869,1285,1563881.00000000,25.33854037,0
2017-12-25 23:00:00,0.00001608,0.00001629,0.00001600,0.00001608,4245651.00000000,1514246399999,68.64962888,1289,1386953.00000000,22.45213215,0
2017-12-26 00:00:00,0.00001609,0.00001622,0.00001587,0.00001592,3653188.00000000,1514249999999,58.49195878,1195,1644836.00000000,26.36446758,0
2017-12-26 01:00:00,0.00001592,0.00001611,0.00001586,0.00001591,2804237.00000000,1514253599999,44.70769625,864,1553667.00000000,24.78365874,0
2017-12-26 02:00:00,0.00001591,0.00001613,0.00001583,0.00001613,3944843.00000000,1514257199999,62.96501771,1025,2154242.00000000,34.39292364,0
2017-12-26 03:00:00,0.00001613,0.00001617,0.00001561,0.00001562,4481854.00000000,1514260799999,71.52057044,1243,2159947.00000000,34.43174741,0
2017-12-26 04:00:00,0.00001562,0.00001577,0.00001461,0.00001478,6743814.00000000,1514264399999,102.03833599,2103,2634950.00000000,39.82049700,0
2017-12-26 05:00:00,0.00001476,0.00001485,0.00001350,0.00001446,7055698.00000000,1514267999999,100.07165145,2298,3486910.00000000,49.43068383,0
2017-12-26 06:00:00,0.00001455,0.00001472,0.00001382,0.00001385,6816780.00000000,1514271599999,96.78239372,1618,3107417.00000000,44.14651913,0
2017-12-26 07:00:00,0.00001385,0.00001450,0.00001385,0.00001412,6154160.00000000,1514275199999,87.69474368,1231,2439027.00000000,34.78776914,0
2017-12-26 08:00:00,0.00001412,0.00001467,0.00001410,0.00001461,4678902.00000000,1514278799999,67.06053213,941,2181842.00000000,31.26651921,0
2017-12-26 09:00:00,0.00001461,0.00001506,0.00001436,0.00001436,4580558.00000000,1514282399999,67.22539372,1249,2040768.00000000,30.03208828,0
2017-12-26 10:00:00,0.00001436,0.00001444,0.00001426,0.00001430,2039771.00000000,1514285999999,29.23589188,738,828190.00000000,11.87165002,0
2017-12-26 11:00:00,0.00001437,0.00001469,0.00001432,0.00001456,3279976.00000000,1514289599999,47.71920758,699,1494387.00000000,21.72888786,0
2017-12-26 12:00:00,0.00001457,0.00001462,0.00001427,0.00001440,4995994.00000000,1514293199999,72.16270575,1049,2163343.00000000,31.26763326,0
2017-12-26 13:00:00,0.00001440,0.00001440,0.00001400,0.00001407,5112009.00000000,1514296799999,72.49475504,1140,1928564.00000000,27.33368647,0
2017-12-26 14:00:00,0.00001407,0.00001408,0.00001309,0.00001309,7537006.00000000,1514300399999,102.79411013,2047,3406672.00000000,46.54351542,0
2017-12-26 15:00:00,0.00001306,0.00001360,0.00001300,0.00001354,4812579.00000000,1514303999999,63.87814609,1554,2530884.00000000,33.63510735,0
2017-12-26 16:00:00,0.00001357,0.00001366,0.00001313,0.00001334,6206687.00000000,1514307599999,82.81753735,1322,2887440.00000000,38.57372430,0
2017-12-26 17:00:00,0.00001334,0.00001372,0.00001332,0.00001361,5413824.00000000,1514311199999,73.34750976,1280,2374000.00000000,32.16242200,0
2017-12-26 18:00:00,0.00001361,0.00001392,0.00001331,0.00001392,4402523.00000000,1514314799999,59.92201896,1296,2158505.00000000,29.44897355,0
2017-12-26 19:00:00,0.00001387,0.00001390,0.00001350,0.00001363,2122191.00000000,1514318399999,28.97926309,812,1218953.00000000,16.64937855,0
2017-12-26 20:00:00,0.00001367,0.00001369,0.00001322,0.00001357,2025549.00000000,1514321999999,27.29449752,964,865182.00000000,11.66832517,0
2017-12-26 21:00:00,0.00001357,0.00001398,0.00001340,0.00001378,1912783.00000000,1514325599999,26.02322233,939,1110861.00000000,15.13633189,0
2017-12-26 22:00:00,0.00001370,0.00001433,0.00001330,0.00001405,2645561.00000000,1514329199999,36.49343109,1248,1224432.00000000,16.85943374,0
2017-12-26 23:00:00,0.00001409,0.00001431,0.00001387,0.00001420,1340049.00000000,1514332799999,18.93755082,770,816198.00000000,11.55273841,0
2017-12-27 00:00:00,0.00001419,0.00001422,0.00001395,0.00001419,2598261.00000000,1514336399999,36.54990521,847,1746813.00000000,24.57405585,0
2017-12-27 01:00:00,0.00001419,0.00001457,0.00001390,0.00001410,2633275.00000000,1514339999999,37.47533423,1081,986530.00000000,14.03313828,0
2017-12-27 02:00:00,0.00001410,0.00001411,0.00001394,0.00001404,1312918.00000000,1514343599999,18.41998038,753,751025.00000000,10.53362272,0
2017-12-27 03:00:00,0.00001404,0.00001410,0.00001392,0.00001407,1333192.00000000,1514347199999,18.65478237,820,748212.00000000,10.46957048,0
2017-12-27 04:00:00,0.00001408,0.00001410,0.00001355,0.00001360,3128462.00000000,1514350799999,42.96377736,1068,1841484.00000000,25.27768367,0
2017-12-27 05:00:00,0.00001361,0.00001380,0.00001354,0.00001365,1376115.00000000,1514354399999,18.80805731,616,586703.00000000,8.03201994,0
2017-12-27 06:00:00,0.00001363,0.00001365,0.00001342,0.00001354,1253489.00000000,1514357999999,16.97891797,722,634940.00000000,8.60517055,0
2017-12-27 07:00:00,0.00001355,0.00001399,0.00001354,0.00001378,1414678.00000000,1514361599999,19.51627230,710,712469.00000000,9.83942035,0
2017-12-27 08:00:00,0.00001378,0.00001407,0.00001367,0.00001400,1882277.00000000,1514365199999,26.01319220,894,1061797.00000000,14.68542700,0
2017-12-27 09:00:00,0.00001401,0.00001401,0.00001375,0.00001393,1046562.00000000,1514368799999,14.51572192,689,448231.00000000,6.22129380,0
2017-12-27 10:00:00,0.00001393,0.00001407,0.00001381,0.00001398,1093148.00000000,1514372399999,15.25361686,638,571123.00000000,7.97187332,0
2017-12-27 11:00:00,0.00001395,0.00001408,0.00001374,0.00001380,2675950.00000000,1514375999999,37.03292155,831,1790286.00000000,24.75123149,0
2017-12-27 12:00:00,0.00001379,0.00001394,0.00001368,0.00001388,1981483.00000000,1514379599999,27.32037799,726,1465845.00000000,20.22366672,0
2017-12-27 13:00:00,0.00001388,0.00001388,0.00001363,0.00001387,1480202.00000000,1514383199999,20.50690219,616,953712.00000000,13.22468055,0
2017-12-27 14:00:00,0.00001386,0.00001456,0.00001380,0.00001450,5073274.00000000,1514386799999,71.19969419,1769,4159332.00000000,58.21638410,0
2017-12-27 15:00:00,0.00001450,0.00001473,0.00001401,0.00001460,3709218.00000000,1514390399999,53.40168563,1725,1821222.00000000,26.21589591,0
2017-12-27 16:00:00,0.00001459,0.00001500,0.00001437,0.00001445,4561243.00000000,1514393999999,66.84947211,1758,2898188.00000000,42.41174879,0
2017-12-27 17:00:00,0.00001445,0.00001464,0.00001433,0.00001454,3418031.00000000,1514397599999,49.52621328,1404,2638612.00000000,38.25504485,0
2017-12-27 18:00:00,0.00001453,0.00001454,0.00001437,0.00001453,2802027.00000000,1514401199999,40.64607507,990,1771714.00000000,25.73315601,0
2017-12-27 19:00:00,0.00001453,0.00001461,0.00001450,0.00001458,2569441.00000000,1514404799999,37.42084776,1111,1780632.00000000,25.94406533,0
2017-12-27 20:00:00,0.00001451,0.00001479,0.00001451,0.00001471,3328854.00000000,1514408399999,48.62148681,1185,2476708.00000000,36.17030563,0
2017-12-27 21:00:00,0.00001471,0.00001517,0.00001452,0.00001513,3846138.00000000,1514411999999,56.98613904,1764,1503860.00000000,22.28466634,0
2017-12-27 22:00:00,0.00001515,0.00001524,0.00001425,0.00001473,4314406.00000000,1514415599999,63.84816773,2148,2032205.00000000,30.16229610,0
2017-12-27 23:00:00,0.00001473,0.00001488,0.00001450,0.00001463,2001410.00000000,1514419199999,29.32116041,1046,1251943.00000000,18.35089694,0
2017-12-28 00:00:00,0.00001463,0.00001467,0.00001426,0.00001447,1543450.00000000,1514422799999,22.36123113,1054,595892.00000000,8.63797822,0
2017-12-28 01:00:00,0.00001448,0.00001464,0.00001425,0.00001457,1575311.00000000,1514426399999,22.86051359,843,706563.00000000,10.24529974,0
2017-12-28 02:00:00,0.00001457,0.00001460,0.00001339,0.00001416,3923536.00000000,1514429999999,55.15225218,1684,1465836.00000000,20.73521087,0
2017-12-28 03:00:00,0.00001418,0.00001462,0.00001355,0.00001431,2396048.00000000,1514433599999,34.03666264,1054,922764.00000000,13.10243017,0
2017-12-28 04:00:00,0.00001431,0.00001475,0.00001422,0.00001437,1505381.00000000,1514437199999,21.82628823,942,786011.00000000,11.39551929,0
2017-12-28 05:00:00,0.00001435,0.00001472,0.00001433,0.00001441,2243303.00000000,1514440799999,32.50945521,921,1051974.00000000,15.23183534,0
2017-12-28 06:00:00,0.00001441,0.00001465,0.00001435,0.00001462,705120.00000000,1514444399999,10.18319038,549,418922.00000000,6.05066540,0
2017-12-28 07:00:00,0.00001462,0.00001462,0.00001445,0.00001453,845322.00000000,1514447999999,12.28282340,562,352229.00000000,5.12047727,0
2017-12-28 08:00:00,0.00001454,0.00001459,0.00001408,0.00001432,2016373.00000000,1514451599999,29.03620751,798,731742.00000000,10.54949915,0
2017-12-28 09:00:00,0.00001430,0.00001446,0.00001426,0.00001444,727141.00000000,1514455199999,10.42788531,507,382640.00000000,5.48741197,0
2017-12-28 10:00:00,0.00001445,0.00001469,0.00001436,0.00001464,2170777.00000000,1514458799999,31.45673059,865,1320524.00000000,19.13522995,0
2017-12-28 11:00:00,0.00001465,0.00001476,0.00001436,0.00001438,2046461.00000000,1514462399999,29.60819952,812,836153.00000000,12.11551964,0
2017-12-28 12:00:00,0.00001439,0.00001464,0.00001430,0.00001462,1219695.00000000,1514465999999,17.61402249,607,690931.00000000,9.99264494,0
2017-12-28 13:00:00,0.00001462,0.00001475,0.00001448,0.00001464,1325299.00000000,1514469599999,19.33554900,685,799687.00000000,11.67953428,0
2017-12-28 14:00:00,0.00001464,0.00001470,0.00001451,0.00001464,1333036.00000000,1514473199999,19.51072271,661,632321.00000000,9.25759562,0
2017-12-28 15:00:00,0.00001464,0.00001475,0.00001447,0.00001475,2412663.00000000,1514476799999,35.16240162,964,1403918.00000000,20.48199205,0
2017-12-28 16:00:00,0.00001469,0.00001487,0.00001456,0.00001480,2977178.00000000,1514480399999,43.86239261,994,1631396.00000000,24.04657328,0
2017-12-28 17:00:00,0.00001483,0.00001564,0.00001479,0.00001556,6146497.00000000,1514483999999,93.67581649,2705,3333615.00000000,50.82805013,0
2017-12-28 18:00:00,0.00001556,0.00001601,0.00001535,0.00001550,8263062.00000000,1514487599999,129.78965516,3215,4790087.00000000,75.34194961,0
2017-12-28 19:00:00,0.00001550,0.00001575,0.00001521,0.00001564,3139582.00000000,1514491199999,48.85977575,1565,1273732.00000000,19.85540296,0
2017-12-28 20:00:00,0.00001564,0.00001565,0.00001529,0.00001547,2380367.00000000,1514494799999,36.79260035,1402,1239310.00000000,19.16062678,0
2017-12-28 21:00:00,0.00001547,0.00001554,0.00001519,0.00001544,2408556.00000000,1514498399999,36.99804493,1419,1241913.00000000,19.09785597,0
2017-12-28 22:00:00,0.00001546,0.00001575,0.00001544,0.00001575,2222283.00000000,1514501999999,34.70994084,1175,863485.00000000,13.48913169,0
2017-12-28 23:00:00,0.00001575,0.00001575,0.00001536,0.00001538,2082376.00000000,1514505599999,32.46300414,1354,691569.00000000,10.79453020,0
2017-12-29 00:00:00,0.00001536,0.00001561,0.00001529,0.00001561,2317100.00000000,1514509199999,35.73900909,1242,864710.00000000,13.35804508,0
2017-12-29 01:00:00,0.00001555,0.00001564,0.00001531,0.00001557,2021613.00000000,1514512799999,31.27496168,1115,893075.00000000,13.81888406,0
2017-12-29 02:00:00,0.00001556,0.00001571,0.00001544,0.00001566,2780703.00000000,1514516399999,43.40805311,1093,1495402.00000000,23.38134029,0
2017-12-29 03:00:00,0.00001566,0.00001610,0.00001565,0.00001600,4977053.00000000,1514519999999,79.00546759,1726,3166430.00000000,50.21978388,0
2017-12-29 04:00:00,0.00001600,0.00001679,0.00001600,0.00001645,8548642.00000000,1514523599999,141.04156520,3157,4453170.00000000,73.41656666,0
2017-12-29 05:00:00,0.00001645,0.00001667,0.00001614,0.00001664,5045697.00000000,1514527199999,83.07609688,1926,2728446.00000000,44.98080492,0
2017-12-29 06:00:00,0.00001668,0.00001669,0.00001623,0.00001635,3239112.00000000,1514530799999,53.29741849,1691,1330894.00000000,21.93139632,0
2017-12-29 07:00:00,0.00001636,0.00001640,0.00001602,0.00001629,2281459.00000000,1514534399999,36.95655528,1453,1020907.00000000,16.53910542,0
2017-12-29 08:00:00,0.00001624,0.00001649,0.00001619,0.00001644,4133566.00000000,1514537999999,67.57276017,1532,1833384.00000000,30.01273082,0
2017-12-29 09:00:00,0.00001643,0.00001644,0.00001582,0.00001600,9124856.00000000,1514541599999,147.36968976,1984,6658687.00000000,107.32712015,0
2017-12-29 10:00:00,0.00001599,0.00001670,0.00001591,0.00001664,6903097.00000000,1514545199999,112.47245661,1909,4637944.00000000,75.45033437,0
2017-12-29 11:00:00,0.00001666,0.00001847,0.00001652,0.00001834,26017870.00000000,1514548799999,459.44289951,7154,14656746.00000000,258.34393262,0
2017-12-29 12:00:00,0.00001834,0.00001857,0.00001777,0.00001812,11830555.00000000,1514552399999,215.09758939,4706,5942752.00000000,108.18664724,0
2017-12-29 13:00:00,0.00001812,0.00001827,0.00001765,0.00001815,6922903.00000000,1514555999999,124.38108252,3249,3170693.00000000,56.99710937,0
2017-12-29 14:00:00,0.00001815,0.00001975,0.00001797,0.00001920,13634474.00000000,1514559599999,256.54516727,5218,7809303.00000000,147.01611869,0
2017-12-29 15:00:00,0.00001919,0.00002138,0.00001851,0.00001853,35114615.00000000,1514563199999,698.78124001,11896,17279561.00000000,345.45735057,0
2017-12-29 16:00:00,0.00001861,0.00001940,0.00001825,0.00001870,17740719.00000000,1514566799999,331.24560799,5515,9722116.00000000,181.69463540,0
2017-12-29 17:00:00,0.00001866,0.00001926,0.00001858,0.00001913,11437467.00000000,1514570399999,216.35339585,4465,6152984.00000000,116.40962800,0
2017-12-29 18:00:00,0.00001918,0.00001976,0.00001909,0.00001976,8462245.00000000,1514573999999,163.63738964,4046,4889231.00000000,94.68608902,0
2017-12-29 19:00:00,0.00001975,0.00002040,0.00001930,0.00001966,13182123.00000000,1514577599999,261.92482151,5746,6936582.00000000,137.83133459,0
2017-12-29 20:00:00,0.00001972,0.00001974,0.00001872,0.00001943,9377146.00000000,1514581199999,181.43152796,4249,4331341.00000000,84.00420439,0
2017-12-29 21:00:00,0.00001946,0.00002140,0.00001930,0.00002136,17674381.00000000,1514584799999,362.59371134,6607,11003785.00000000,226.51640581,0
2017-12-29 22:00:00,0.00002136,0.00002462,0.00002136,0.00002279,47678908.00000000,1514588399999,1092.68083090,16905,27668000.00000000,635.03739572,0
2017-12-29 23:00:00,0.00002279,0.00002337,0.00002103,0.00002206,22350266.00000000,1514591999999,493.92119474,9533,10865716.00000000,240.39802870,0
2017-12-30 00:00:00,0.00002206,0.00002582,0.00002165,0.00002475,25806273.00000000,1514595599999,618.54205172,10377,15484907.00000000,372.94286657,0
2017-12-30 01:00:00,0.00002478,0.00002980,0.00002302,0.00002580,44538009.00000000,1514599199999,1180.39422440,16078,25386891.00000000,674.43261668,0
2017-12-30 02:00:00,0.00002589,0.00002799,0.00002234,0.00002413,33375944.00000000,1514602799999,821.59564301,12673,15835990.00000000,391.25497015,0
2017-12-30 03:00:00,0.00002430,0.00002666,0.00002338,0.00002469,19309511.00000000,1514606399999,479.30309446,9297,10171216.00000000,253.09643890,0
2017-12-30 04:00:00,0.00002469,0.00002530,0.00002318,0.00002365,13003425.00000000,1514609999999,315.13026237,7248,6162611.00000000,149.69925478,0
2017-12-30 05:00:00,0.00002365,0.00002470,0.00002353,0.00002440,9434139.00000000,1514613599999,226.98701953,5611,4889236.00000000,117.58313084,0
2017-12-30 06:00:00,0.00002440,0.00002588,0.00002379,0.00002517,13004408.00000000,1514617199999,323.12540641,6288,7016527.00000000,174.51333234,0
2017-12-30 07:00:00,0.00002514,0.00002825,0.00002463,0.00002650,25002076.00000000,1514620799999,665.65455806,10016,13684870.00000000,364.63825224,0
2017-12-30 08:00:00,0.00002650,0.00002650,0.00002502,0.00002573,20040450.00000000,1514624399999,519.15186758,8298,10869009.00000000,281.76231613,0
2017-12-30 09:00:00,0.00002574,0.00002814,0.00002563,0.00002813,18383088.00000000,1514627999999,489.41038392,7715,12555602.00000000,335.10636575,0
2017-12-30 10:00:00,0.00002803,0.00002820,0.00002530,0.00002683,21717957.00000000,1514631599999,583.58903000,9636,10831446.00000000,291.57839211,0
2017-12-30 11:00:00,0.00002684,0.00002689,0.00002553,0.00002674,8065334.00000000,1514635199999,212.09679528,4691,4124258.00000000,108.61105043,0
2017-12-30 12:00:00,0.00002673,0.00002766,0.00002350,0.00002420,14960603.00000000,1514638799999,385.10648607,7447,7073211.00000000,183.97713032,0
2017-12-30 13:00:00,0.00002420,0.00002500,0.00002310,0.00002499,10831603.00000000,1514642399999,262.53393200,5594,5360635.00000000,130.11715489,0
2017-12-30 14:00:00,0.00002497,0.00002611,0.00002483,0.00002550,9978412.00000000,1514645999999,255.75675429,5587,6114543.00000000,156.89869389,0
2017-12-30 15:00:00,0.00002543,0.00002668,0.00002539,0.00002619,8661263.00000000,1514649599999,226.84953228,4568,5083243.00000000,133.19909204,0
2017-12-30 16:00:00,0.00002614,0.00002626,0.00002500,0.00002512,8068256.00000000,1514653199999,204.88134250,4943,3841767.00000000,97.60448659,0
2017-12-30 17:00:00,0.00002517,0.00002610,0.00002483,0.00002590,8651892.00000000,1514656799999,220.58188652,4838,4739022.00000000,121.01748581,0
2017-12-30 18:00:00,0.00002589,0.00002596,0.00002500,0.00002520,7699196.00000000,1514660399999,195.17475626,5068,3765404.00000000,95.53167430,0
2017-12-30 19:00:00,0.00002521,0.00002590,0.00002500,0.00002564,7359804.00000000,1514663999999,186.58061763,4702,3769726.00000000,95.67252326,0
2017-12-30 20:00:00,0.00002563,0.00002770,0.00002541,0.00002739,12436071.00000000,1514667599999,329.04133497,6515,7047558.00000000,186.55374362,0
2017-12-30 21:00:00,0.00002740,0.00002775,0.00002580,0.00002614,15019273.00000000,1514671199999,401.85599329,7441,6715371.00000000,179.76091249,0
2017-12-30 22:00:00,0.00002620,0.00002699,0.00002441,0.00002483,10358068.00000000,1514674799999,261.50955211,6750,3880529.00000000,98.07839752,0
2017-12-30 23:00:00,0.00002482,0.00002550,0.00002454,0.00002495,5235061.00000000,1514678399999,131.24279445,3697,2421053.00000000,60.71795753,0
2017-12-31 00:00:00,0.00002499,0.00002574,0.00002430,0.00002574,8637954.00000000,1514681999999,214.95524875,4653,4530411.00000000,112.86890184,0
2017-12-31 01:00:00,0.00002574,0.00002688,0.00002501,0.00002537,8853798.00000000,1514685599999,230.84655475,4836,4943021.00000000,129.15892015,0
2017-12-31 02:00:00,0.00002549,0.00002582,0.00002370,0.00002388,6908790.00000000,1514689199999,170.72365559,3990,3074768.00000000,76.22424313,0
2017-12-31 03:00:00,0.00002387,0.00002427,0.00002300,0.00002336,8545482.00000000,1514692799999,200.66396161,4189,3620892.00000000,85.16496859,0
2017-12-31 04:00:00,0.00002344,0.00002443,0.00002337,0.00002417,6360618.00000000,1514696399999,152.28419891,3228,3074817.00000000,73.69188336,0
2017-12-31 05:00:00,0.00002418,0.00002450,0.00002370,0.00002414,5099552.00000000,1514699999999,123.31521393,2610,2178140.00000000,52.66174235,0
2017-12-31 06:00:00,0.00002413,0.00002527,0.00002400,0.00002524,6210473.00000000,1514703599999,153.45502527,2485,3192273.00000000,78.80146226,0
2017-12-31 07:00:00,0.00002520,0.00002525,0.00002422,0.00002441,5082227.00000000,1514707199999,124.96108176,2499,2107785.00000000,51.61728478,0
2017-12-31 08:00:00,0.00002442,0.00002518,0.00002432,0.00002490,4736845.00000000,1514710799999,116.82448476,2207,2616691.00000000,64.51251454,0
2017-12-31 09:00:00,0.00002490,0.00002498,0.00002442,0.00002450,2511916.00000000,1514714399999,62.17274761,1754,928707.00000000,22.98914582,0
2017-12-31 10:00:00,0.00002454,0.00002481,0.00002437,0.00002440,3669560.00000000,1514717999999,90.37074770,2204,1595412.00000000,39.27221020,0
2017-12-31 11:00:00,0.00002440,0.00002495,0.00002410,0.00002489,3689821.00000000,1514721599999,90.72410388,2687,2038439.00000000,50.18256088,0
2017-12-31 12:00:00,0.00002488,0.00002533,0.00002476,0.00002481,3872673.00000000,1514725199999,96.99112783,2634,2198930.00000000,55.18368266,0
2017-12-31 13:00:00,0.00002484,0.00002538,0.00002480,0.00002534,3374005.00000000,1514728799999,85.03088286,2337,1967231.00000000,49.59096709,0
2017-12-31 14:00:00,0.00002534,0.00002537,0.00002496,0.00002523,3338478.00000000,1514732399999,83.89942677,2408,1636328.00000000,41.15171741,0
2017-12-31 15:00:00,0.00002523,0.00002525,0.00002420,0.00002455,4512873.00000000,1514735999999,111.41803333,3096,2224098.00000000,54.90593477,0
2017-12-31 16:00:00,0.00002455,0.00002520,0.00002371,0.00002411,5747210.00000000,1514739599999,140.88141399,4053,2631277.00000000,64.59680514,0
2017-12-31 17:00:00,0.00002411,0.00002495,0.00002400,0.00002475,3618364.00000000,1514743199999,89.07953780,2524,2195023.00000000,54.06455929,0
2017-12-31 18:00:00,0.00002475,0.00002487,0.00002455,0.00002473,2737397.00000000,1514746799999,67.70967943,1865,1283230.00000000,31.75970002,0
2017-12-31 19:00:00,0.00002472,0.00002540,0.00002460,0.00002532,3712072.00000000,1514750399999,92.74399168,2297,2322757.00000000,58.07487848,0
2017-12-31 20:00:00,0.00002531,0.00002545,0.00002476,0.00002482,3177585.00000000,1514753999999,79.53862211,2213,1673605.00000000,41.91116532,0
2017-12-31 21:00:00,0.00002482,0.00002485,0.00002461,0.00002475,3464964.00000000,1514757599999,85.68401344,1870,1551771.00000000,38.38458783,0
2017-12-31 22:00:00,0.00002474,0.00002549,0.00002474,0.00002549,3966182.00000000,1514761199999,99.78350677,2338,2144597.00000000,54.02220648,0
2017-12-31 23:00:00,0.00002549,0.00002593,0.00002519,0.00002558,6138927.00000000,1514764799999,157.09048732,2883,3470053.00000000,88.70600465,0
2018-01-01 00:00:00,0.00002553,0.00002869,0.00002545,0.00002867,17925798.00000000,1514768399999,492.43074629,7512,12521748.00000000,342.80258919,0
