Date,Open,High,Low,Close,Volume
2017-12-11 03:00:00,0.00001000,0.00001000,0.00000112,0.00000174,26107555.00000000,1512964799999,48.41655804,977,10886561.00000000,20.59024835,154718343.47914618
2017-12-11 04:00:00,0.00000173,0.00000197,0.00000164,0.00000189,15934947.00000000,1512968399999,28.57386245,1017,5833022.00000000,10.57852443,191629529.95099219
2017-12-11 05:00:00,0.00000188,0.00000188,0.00000162,0.00000177,15263340.00000000,1512971999999,26.22538872,639,4451038.00000000,7.79096210,225608118.91621151
2017-12-11 06:00:00,0.00000176,0.00000184,0.00000170,0.00000174,8219562.00000000,1512975599999,14.61111641,470,3163469.00000000,5.64701757,233375518.71544471
2017-12-11 07:00:00,0.00000174,0.00000175,0.00000161,0.00000165,8546665.00000000,1512979199999,14.26032053,465,2759804.00000000,4.61583880,250733925.14282353
2017-12-11 08:00:00,0.00000165,0.00000171,0.00000152,0.00000168,11349629.00000000,1512982799999,18.16788684,445,2759991.00000000,4.44369286,271814674.39087499
2017-12-11 09:00:00,0.00000164,0.00000165,0.00000151,0.00000151,4745737.00000000,1512986399999,7.37005251,294,1852776.00000000,2.88948191,291326669.56473542
2017-12-11 10:00:00,0.00000152,0.00000152,0.00000140,0.00000141,12860900.00000000,1512989999999,18.81568621,698,4318355.00000000,6.30019855,297915049.61682265
2017-12-11 11:00:00,0.00000141,0.00000172,0.00000141,0.00000170,15587502.00000000,1512993599999,24.96541028,857,6280109.00000000,10.04496876,307088143.49061522
2017-12-11 12:00:00,0.00000169,0.00000175,0.00000160,0.00000172,8295892.00000000,1512997199999,13.81262501,559,3181439.00000000,5.35000015,308360681.90174197
2017-12-11 13:00:00,0.00000172,0.00000172,0.00000164,0.00000168,7218480.00000000,1513000799999,12.22132779,479,3005152.00000000,5.09925318,316666801.56581796
2017-12-11 14:00:00,0.00000168,0.00000173,0.00000162,0.00000172,8634416.00000000,1513004399999,14.50957712,550,2463397.00000000,4.16569299,320676022.80799193
2017-12-11 15:00:00,0.00000172,0.00000172,0.00000154,0.00000159,11739176.00000000,1513007999999,19.13221375,685,2479032.00000000,4.06625647,326823259.35563371
2017-12-11 16:00:00,0.00000159,0.00000167,0.00000157,0.00000157,6328077.00000000,1513011599999,10.27718232,482,2381834.00000000,3.89879686,332654987.16705971
2017-12-11 17:00:00,0.00000157,0.00000162,0.00000156,0.00000157,7771959.00000000,1513015199999,12.33256775,544,2189046.00000000,3.49397282,334520013.10619571
2017-12-11 18:00:00,0.00000157,0.00000161,0.00000154,0.00000156,6027505.00000000,1513018799999,9.46005358,509,1374268.00000000,2.18108257,336383868.23495727
2017-12-11 19:00:00,0.00000158,0.00000160,0.00000140,0.00000148,8251348.00000000,1513022399999,12.55836789,523,2173966.00000000,3.37277863,337702261.78795727
2017-12-11 20:00:00,0.00000148,0.00000152,0.00000132,0.00000141,12238036.00000000,1513025999999,17.33633690,736,4770580.00000000,6.76369317,343840683.73987727
2017-12-11 21:00:00,0.00000141,0.00000150,0.00000134,0.00000145,9850385.00000000,1513029599999,14.27182866,524,2803448.00000000,4.02882862,370952240.51063727
2017-12-11 22:00:00,0.00000148,0.00000148,0.00000139,0.00000139,8957193.00000000,1513033199999,12.85059206,546,1990119.00000000,2.87424838,374256234.58083390
2017-12-11 23:00:00,0.00000137,0.00000148,0.00000134,0.00000140,16011088.00000000,1513036799999,22.31794786,631,4953220.00000000,6.90891877,382860640.19283390
2017-12-12 00:00:00,0.00000141,0.00000142,0.00000133,0.00000137,9314814.00000000,1513040399999,12.77661575,559,2121533.00000000,2.91271075,383456609.97647546
2017-12-12 01:00:00,0.00000137,0.00000140,0.00000128,0.00000130,10915101.00000000,1513043999999,14.69069014,573,3977385.00000000,5.43777763,384222950.11777857
2017-12-12 02:00:00,0.00000130,0.00000142,0.00000130,0.00000141,7446799.00000000,1513047599999,10.03986230,457,3229307.00000000,4.38488678,385675607.43387075
2017-12-12 03:00:00,0.00000141,0.00000151,0.00000136,0.00000150,11063577.00000000,1513051199999,15.93678390,661,4511269.00000000,6.52218746,385703309.12887075
2017-12-12 04:00:00,0.00000150,0.00000153,0.00000145,0.00000146,9489963.00000000,1513054799999,14.24528994,431,4651189.00000000,6.99020001,388776581.92468433
2017-12-12 05:00:00,0.00000146,0.00000150,0.00000142,0.00000145,4480166.00000000,1513058399999,6.53151625,362,1463831.00000000,2.15476892,390386946.27507332
2017-12-12 06:00:00,0.00000145,0.00000147,0.00000141,0.00000143,3484116.00000000,1513061999999,5.01488770,268,753984.00000000,1.08320270,391422747.11107332
2017-12-12 07:00:00,0.00000143,0.00000150,0.00000143,0.00000148,5241224.00000000,1513065599999,7.69994130,242,509153.00000000,0.74798844,391830344.87375332
2017-12-12 08:00:00,0.00000148,0.00000151,0.00000145,0.00000146,5649222.00000000,1513069199999,8.34082020,466,1316499.00000000,1.94724423,391773263.52272895
2017-12-12 09:00:00,0.00000147,0.00000147,0.00000135,0.00000137,7880982.00000000,1513072799999,10.99921700,403,2026853.00000000,2.85981295,394632664.95849160
2017-12-12 10:00:00,0.00000137,0.00000140,0.00000135,0.00000138,2082005.00000000,1513076399999,2.86851806,165,1018708.00000000,1.40862826,395262608.26149160
2017-12-12 11:00:00,0.00000138,0.00000141,0.00000135,0.00000139,4436684.00000000,1513079999999,6.11912111,368,1066239.00000000,1.47903432,401437625.26149160
2017-12-12 12:00:00,0.00000139,0.00000140,0.00000132,0.00000134,7465647.00000000,1513083599999,10.09112507,350,1530418.00000000,2.08748308,406072115.38532348
2017-12-12 13:00:00,0.00000134,0.00000136,0.00000130,0.00000136,11076167.00000000,1513087199999,14.66707945,549,2917947.00000000,3.88724659,405409198.38532348
2017-12-12 14:00:00,0.00000137,0.00000139,0.00000126,0.00000128,8989247.00000000,1513090799999,11.96973341,482,2945390.00000000,3.98388043,405659403.42232348
2017-12-12 15:00:00,0.00000127,0.00000140,0.00000106,0.00000118,13987343.00000000,1513094399999,17.16466725,706,4387910.00000000,5.63179592,408588141.59249311
2017-12-12 16:00:00,0.00000117,0.00000122,0.00000113,0.00000116,7162133.00000000,1513097999999,8.46728758,494,2301646.00000000,2.72638010,406430370.73469888
2017-12-12 17:00:00,0.00000116,0.00000127,0.00000116,0.00000121,4576746.00000000,1513101599999,5.53809047,319,1578552.00000000,1.92663907,409297635.46123088
2017-12-12 18:00:00,0.00000121,0.00000130,0.00000117,0.00000123,6089097.00000000,1513105199999,7.39508712,412,1410432.00000000,1.73274376,408861712.17623088
2017-12-12 19:00:00,0.00000124,0.00000132,0.00000119,0.00000119,9790727.00000000,1513108799999,12.14139300,610,1083996.00000000,1.35838853,409401589.59523088
2017-12-12 20:00:00,0.00000119,0.00000121,0.00000116,0.00000117,5653871.00000000,1513112399999,6.64046398,427,1670450.00000000,1.96640142,409151863.00123088
2017-12-12 21:00:00,0.00000117,0.00000117,0.00000110,0.00000114,4552173.00000000,1513115999999,5.13335350,332,958814.00000000,1.08470585,408490224.06145943
2017-12-12 22:00:00,0.00000115,0.00000119,0.00000114,0.00000117,4034648.00000000,1513119599999,4.68290013,358,1018176.00000000,1.18798979,408906074.96345943
2017-12-12 23:00:00,0.00000115,0.00000119,0.00000113,0.00000115,5366854.00000000,1513123199999,6.23849395,349,1714172.00000000,2.00513326,409260859.34073943
2017-12-13 00:00:00,0.00000119,0.00000119,0.00000110,0.00000110,5829570.00000000,1513126799999,6.67289685,408,1342899.00000000,1.54111819,411697049.44073943
2017-12-13 01:00:00,0.00000110,0.00000114,0.00000104,0.00000110,8226578.00000000,1513130399999,8.87231809,420,2014039.00000000,2.21344715,412714659.04873943
2017-12-13 02:00:00,0.00000110,0.00000112,0.00000100,0.00000108,9242289.00000000,1513133999999,9.71279746,535,2240749.00000000,2.36586689,411047208.62081720
2017-12-13 03:00:00,0.00000109,0.00000115,0.00000107,0.00000113,5513837.00000000,1513137599999,6.09731796,370,1900610.00000000,2.12444126,410606844.91431720
2017-12-13 04:00:00,0.00000112,0.00000125,0.00000112,0.00000124,4587793.00000000,1513141199999,5.43202717,255,2308540.00000000,2.74942748,411401334.91431720
2017-12-13 05:00:00,0.00000125,0.00000126,0.00000112,0.00000117,4473535.00000000,1513144799999,5.29667698,323,2272978.00000000,2.69946413,411850586.82131720
2017-12-13 06:00:00,0.00000118,0.00000120,0.00000091,0.00000104,13131269.00000000,1513148399999,14.40716364,692,3251425.00000000,3.63177597,412661925.27431720
2017-12-13 07:00:00,0.00000106,0.00000115,0.00000102,0.00000109,8900049.00000000,1513151999999,9.57988808,466,2486197.00000000,2.70453177,413273439.12331720
2017-12-13 08:00:00,0.00000109,0.00000115,0.00000106,0.00000109,5295783.00000000,1513155599999,5.84620278,341,2001249.00000000,2.22015777,416633209.32637461
2017-12-13 09:00:00,0.00000108,0.00000112,0.00000101,0.00000106,10922704.00000000,1513159199999,11.50991242,551,4478145.00000000,4.74292049,416522937.52137461
2017-12-13 10:00:00,0.00000106,0.00000106,0.00000100,0.00000103,7181440.00000000,1513162799999,7.37281588,404,1564178.00000000,1.62302850,416649579.95637461
2017-12-13 11:00:00,0.00000103,0.00000118,0.00000103,0.00000106,8773120.00000000,1513166399999,9.54037535,451,4064794.00000000,4.47128179,416305153.32230461
2017-12-13 12:00:00,0.00000108,0.00000110,0.00000103,0.00000104,4036167.00000000,1513169999999,4.26812751,264,1514447.00000000,1.61021527,417466945.50664246
2017-12-13 13:00:00,0.00000106,0.00000108,0.00000104,0.00000107,4048605.00000000,1513173599999,4.30538970,241,1580405.00000000,1.68074646,417721664.06664246
2017-12-13 14:00:00,0.00000108,0.00000110,0.00000104,0.00000105,6722833.00000000,1513177199999,7.21602713,424,2326136.00000000,2.50128074,415650926.97664246
2017-12-13 15:00:00,0.00000104,0.00000106,0.00000099,0.00000100,6153484.00000000,1513180799999,6.31899457,295,1169750.00000000,1.21747898,429823812.21964246
2017-12-13 16:00:00,0.00000099,0.00000100,0.00000090,0.00000093,13926434.00000000,1513184399999,13.24815436,468,4644812.00000000,4.41056112,436899368.48041743
2017-12-13 17:00:00,0.00000093,0.00000099,0.00000089,0.00000089,10046038.00000000,1513187999999,9.25405236,375,3942956.00000000,3.68138880,444299269.11641743
2017-12-13 18:00:00,0.00000089,0.00000094,0.00000088,0.00000093,7761553.00000000,1513191599999,7.03469557,230,3994325.00000000,3.63465126,443331530.74147743
2017-12-13 19:00:00,0.00000093,0.00000096,0.00000090,0.00000095,7081057.00000000,1513195199999,6.55660602,256,2856370.00000000,2.66708043,444037622.68647743
2017-12-13 20:00:00,0.00000094,0.00000096,0.00000088,0.00000092,4663669.00000000,1513198799999,4.30066803,215,1616425.00000000,1.50135507,442562347.78347743
2017-12-13 21:00:00,0.00000092,0.00000104,0.00000091,0.00000102,7493833.00000000,1513202399999,7.28236501,375,4870522.00000000,4.74667419,442184449.84478635
2017-12-13 22:00:00,0.00000102,0.00000109,0.00000100,0.00000107,8262157.00000000,1513205999999,8.55916130,481,3784317.00000000,3.96962709,441413503.99955000
2017-12-13 23:00:00,0.00000107,0.00000110,0.00000105,0.00000108,2306073.00000000,1513209599999,2.47208722,210,1048299.00000000,1.12654627,441386342.20755000
2017-12-14 00:00:00,0.00000108,0.00000108,0.00000100,0.00000102,10816094.00000000,1513213199999,11.19092181,457,4465964.00000000,4.64177328,441459602.20755000
2017-12-14 01:00:00,0.00000101,0.00000105,0.00000097,0.00000103,7071592.00000000,1513216799999,7.11736221,372,2588554.00000000,2.59395880,441767198.18555000
2017-12-14 02:00:00,0.00000103,0.00000122,0.00000103,0.00000119,15401337.00000000,1513220399999,17.49752287,610,7801292.00000000,8.89461821,440456855.74074216
2017-12-14 03:00:00,0.00000118,0.00000120,0.00000106,0.00000118,8934915.00000000,1513223999999,10.02253403,473,4692586.00000000,5.33056443,439297859.18874216
2017-12-14 04:00:00,0.00000119,0.00000139,0.00000116,0.00000130,18758375.00000000,1513227599999,24.32409496,695,9692410.00000000,12.66441488,441358070.85174790
2017-12-14 05:00:00,0.00000129,0.00000130,0.00000118,0.00000125,7914457.00000000,1513231199999,9.73270735,454,2178545.00000000,2.67619383,439805677.82174790
2017-12-14 06:00:00,0.00000125,0.00000126,0.00000116,0.00000119,7059831.00000000,1513234799999,8.58715768,564,1454953.00000000,1.78484327,440395602.31374790
2017-12-14 07:00:00,0.00000119,0.00000129,0.00000117,0.00000122,6068621.00000000,1513238399999,7.46995723,346,1900905.00000000,2.34622818,444501322.41374790
2017-12-14 08:00:00,0.00000122,0.00000123,0.00000105,0.00000112,12409182.00000000,1513241999999,13.78318348,585,2573517.00000000,2.87349560,443932803.73354790
2017-12-14 09:00:00,0.00000112,0.00000113,0.00000107,0.00000111,6211694.00000000,1513245599999,6.81198497,455,1669867.00000000,1.84890924,444512947.45001186
2017-12-14 10:00:00,0.00000111,0.00000111,0.00000106,0.00000106,5727901.00000000,1513249199999,6.15618922,298,1143018.00000000,1.24336280,445505720.45001186
2017-12-14 11:00:00,0.00000107,0.00000115,0.00000107,0.00000109,3404837.00000000,1513252799999,3.78164653,287,1703943.00000000,1.90436095,446137618.71001186
2017-12-14 12:00:00,0.00000109,0.00000118,0.00000108,0.00000117,4734312.00000000,1513256399999,5.37303332,322,2916732.00000000,3.33145008,446332849.64101186
2017-12-14 13:00:00,0.00000118,0.00000119,0.00000111,0.00000118,5169976.00000000,1513259999999,5.93568767,376,1734989.00000000,2.00249333,453375956.33581380
2017-12-14 14:00:00,0.00000118,0.00000118,0.00000112,0.00000114,5641080.00000000,1513263599999,6.48561803,284,2450021.00000000,2.83358274,457415933.59932354
2017-12-14 15:00:00,0.00000114,0.00000120,0.00000112,0.00000114,5774615.00000000,1513267199999,6.62838767,343,2458067.00000000,2.84275404,457423585.36032354
2017-12-14 16:00:00,0.00000114,0.00000124,0.00000112,0.00000120,7262464.00000000,1513270799999,8.56770694,426,2260908.00000000,2.67653663,457918364.15032354
2017-12-14 17:00:00,0.00000120,0.00000126,0.00000118,0.00000119,8621565.00000000,1513274399999,10.52499551,525,3995813.00000000,4.88987771,458204815.21930582
2017-12-14 18:00:00,0.00000119,0.00000120,0.00000114,0.00000117,5066893.00000000,1513277999999,5.94469888,386,1316327.00000000,1.55225912,458709250.95365701
2017-12-14 19:00:00,0.00000116,0.00000119,0.00000114,0.00000117,4403046.00000000,1513281599999,5.11619738,407,1451539.00000000,1.69202151,458716223.42565701
2017-12-14 20:00:00,0.00000117,0.00000122,0.00000116,0.00000121,4029664.00000000,1513285199999,4.78335587,335,914193.00000000,1.09244542,459194264.34365701
2017-12-14 21:00:00,0.00000121,0.00000122,0.00000117,0.00000122,5077439.00000000,1513288799999,6.13608884,270,2054060.00000000,2.48968211,456837379.48065701
2017-12-14 22:00:00,0.00000121,0.00000123,0.00000120,0.00000122,2555590.00000000,1513292399999,3.09941775,209,858410.00000000,1.04592203,456346759.92565701
2017-12-14 23:00:00,0.00000121,0.00000126,0.00000118,0.00000121,5782661.00000000,1513295999999,7.02517685,396,1392265.00000000,1.70724123,457018255.92565701
2017-12-15 00:00:00,0.00000121,0.00000123,0.00000111,0.00000112,6457371.00000000,1513299599999,7.54490403,306,1606280.00000000,1.89750279,457181751.12565701
2017-12-15 01:00:00,0.00000115,0.00000119,0.00000106,0.00000108,8706651.00000000,1513303199999,9.79802907,482,2019663.00000000,2.29222711,458934139.79948559
2017-12-15 02:00:00,0.00000108,0.00000111,0.00000095,0.00000103,9840407.00000000,1513306799999,10.11379849,449,1858112.00000000,1.93940902,459011811.79948559
2017-12-15 03:00:00,0.00000099,0.00000107,0.00000096,0.00000106,4928113.00000000,1513310399999,5.12983849,246,2696847.00000000,2.82995286,459231239.12397758
2017-12-15 04:00:00,0.00000106,0.00000111,0.00000103,0.00000111,5572979.00000000,1513313999999,5.97889372,286,2120970.00000000,2.28407037,461133965.90697758
2017-12-15 05:00:00,0.00000111,0.00000112,0.00000104,0.00000108,3892294.00000000,1513317599999,4.18422238,279,1390270.00000000,1.50739695,464027090.89797758
2017-12-15 06:00:00,0.00000109,0.00000110,0.00000102,0.00000107,4059060.00000000,1513321199999,4.25054984,330,1314084.00000000,1.38375481,463230595.77197758
2017-12-15 07:00:00,0.00000107,0.00000113,0.00000107,0.00000108,7492612.00000000,1513324799999,8.24485165,578,2289015.00000000,2.53398736,464743394.78597758
2017-12-15 08:00:00,0.00000108,0.00000110,0.00000106,0.00000107,2903252.00000000,1513328399999,3.14494785,189,978556.00000000,1.06184463,466107148.33159842
2017-12-15 09:00:00,0.00000107,0.00000110,0.00000104,0.00000105,3774105.00000000,1513331999999,4.00242416,348,294537.00000000,0.31522972,466580385.47159842
2017-12-15 10:00:00,0.00000105,0.00000109,0.00000097,0.00000101,4945269.00000000,1513335599999,5.04633094,215,1339301.00000000,1.36877988,466930425.79459842
2017-12-15 11:00:00,0.00000101,0.00000105,0.00000100,0.00000103,2408090.00000000,1513339199999,2.45337957,182,870264.00000000,0.89309746,466486942.41559842
2017-12-15 12:00:00,0.00000103,0.00000103,0.00000098,0.00000100,7157442.00000000,1513342799999,7.14608474,315,1469705.00000000,1.47910409,468144695.65460468
2017-12-15 13:00:00,0.00000100,0.00000106,0.00000100,0.00000105,3903847.00000000,1513346399999,4.02662942,456,1778809.00000000,1.84799988,468538953.55051162
2017-12-15 14:00:00,0.00000105,0.00000108,0.00000102,0.00000104,3231039.00000000,1513349999999,3.33479657,295,801177.00000000,0.83177338,468730082.92504766
2017-12-15 15:00:00,0.00000104,0.00000110,0.00000104,0.00000108,3478239.00000000,1513353599999,3.73275969,307,1005057.00000000,1.07971292,468874363.70004766
2017-12-15 16:00:00,0.00000108,0.00000112,0.00000106,0.00000112,6455652.00000000,1513357199999,6.96256797,240,3404701.00000000,3.68462888,468842273.70004766
2017-12-15 17:00:00,0.00000112,0.00000148,0.00000112,0.00000146,16635793.00000000,1513360799999,21.37583374,769,12299312.00000000,15.73846765,469560022.48515149
2017-12-15 18:00:00,0.00000146,0.00000152,0.00000130,0.00000132,18777460.00000000,1513364399999,26.76274301,895,8137510.00000000,11.81491335,472698283.20161545
2017-12-15 19:00:00,0.00000133,0.00000143,0.00000132,0.00000134,10793037.00000000,1513367999999,14.85224683,654,3284800.00000000,4.52923576,473886180.00361257
2017-12-15 20:00:00,0.00000135,0.00000141,0.00000131,0.00000132,7803438.00000000,1513371599999,10.67816152,517,2509331.00000000,3.45989743,474113758.90061257
2017-12-15 21:00:00,0.00000132,0.00000141,0.00000132,0.00000137,4543384.00000000,1513375199999,6.17468386,389,2268063.00000000,3.08694221,474418434.55151057
2017-12-15 22:00:00,0.00000136,0.00000140,0.00000131,0.00000136,4124947.00000000,1513378799999,5.59449855,361,1582054.00000000,2.16377920,475936542.88917909
2017-12-15 23:00:00,0.00000135,0.00000137,0.00000127,0.00000128,7162245.00000000,1513382399999,9.38192652,422,1838112.00000000,2.43787331,475962166.61632563
2017-12-16 00:00:00,0.00000128,0.00000134,0.00000127,0.00000133,6367763.00000000,1513385999999,8.30687247,399,2345513.00000000,3.07582818,478267572.20632563
2017-12-16 01:00:00,0.00000133,0.00000134,0.00000129,0.00000129,3637749.00000000,1513389599999,4.79918647,283,1245124.00000000,1.65385890,478493572.20632563
2017-12-16 02:00:00,0.00000130,0.00000140,0.00000128,0.00000139,3921309.00000000,1513393199999,5.18327053,327,2111576.00000000,2.81573681,478680275.50632563
2017-12-16 03:00:00,0.00000139,0.00000148,0.00000137,0.00000143,7872746.00000000,1513396799999,11.31481785,542,3873125.00000000,5.60017209,480008627.59032563
2017-12-16 04:00:00,0.00000144,0.00000144,0.00000130,0.00000135,5767219.00000000,1513400399999,7.89929147,474,1025791.00000000,1.43080445,479629903.78533203
2017-12-16 05:00:00,0.00000137,0.00000139,0.00000130,0.00000134,8692389.00000000,1513403999999,11.62684762,362,3475937.00000000,4.67645850,481151013.62333203
2017-12-16 06:00:00,0.00000135,0.00000140,0.00000125,0.00000131,6979950.00000000,1513407599999,9.23461137,444,1598732.00000000,2.12884121,481154329.47880425
2017-12-16 07:00:00,0.00000132,0.00000137,0.00000130,0.00000135,5215770.00000000,1513411199999,6.96187356,311,1729736.00000000,2.33238885,482194778.40880425
2017-12-16 08:00:00,0.00000136,0.00000146,0.00000135,0.00000139,8222583.00000000,1513414799999,11.67833162,429,4574212.00000000,6.50356759,483352115.41480662
2017-12-16 09:00:00,0.00000140,0.00000151,0.00000136,0.00000145,8969861.00000000,1513418399999,13.02082943,625,4899935.00000000,7.11384008,483920795.54390662
2017-12-16 10:00:00,0.00000146,0.00000164,0.00000143,0.00000156,11316206.00000000,1513421999999,17.44793543,673,6311943.00000000,9.69973561,484568019.54390662
2017-12-16 11:00:00,0.00000156,0.00000164,0.00000137,0.00000147,11308672.00000000,1513425599999,17.34710292,645,3618158.00000000,5.63823945,486215485.06661994
2017-12-16 12:00:00,0.00000146,0.00000154,0.00000146,0.00000148,5322061.00000000,1513429199999,8.02841463,464,2694762.00000000,4.07346101,488472448.89461994
2017-12-16 13:00:00,0.00000150,0.00000151,0.00000131,0.00000142,10504139.00000000,1513432799999,14.68725884,692,3009314.00000000,4.23303736,490301126.07522484
2017-12-16 14:00:00,0.00000139,0.00000142,0.00000133,0.00000137,6887166.00000000,1513436399999,9.37886597,461,2635336.00000000,3.59355669,490770392.25522484
2017-12-16 15:00:00,0.00000137,0.00000143,0.00000134,0.00000138,7512519.00000000,1513439999999,10.36880136,510,2533115.00000000,3.51376868,491159191.25522484
2017-12-16 16:00:00,0.00000138,0.00000139,0.00000124,0.00000134,16617026.00000000,1513443599999,21.76387472,611,4525054.00000000,6.06296871,492699560.72719684
2017-12-16 17:00:00,0.00000136,0.00000147,0.00000134,0.00000146,5450201.00000000,1513447199999,7.60827024,476,1831497.00000000,2.56189405,494686695.76641433
2017-12-16 18:00:00,0.00000146,0.00000151,0.00000139,0.00000149,6932426.00000000,1513450799999,10.09869671,424,4388780.00000000,6.45399173,494009248.49441433
2017-12-16 19:00:00,0.00000148,0.00000153,0.00000143,0.00000153,7091650.00000000,1513454399999,10.58992471,529,3013801.00000000,4.52135067,494630691.74191433
2017-12-16 20:00:00,0.00000152,0.00000154,0.00000141,0.00000146,5351108.00000000,1513457999999,7.89978863,542,1538734.00000000,2.27791388,497721374.82755578
2017-12-16 21:00:00,0.00000144,0.00000150,0.00000140,0.00000148,4468898.00000000,1513461599999,6.51839396,336,2713786.00000000,3.97253777,497916494.82755578
2017-12-16 22:00:00,0.00000147,0.00000167,0.00000147,0.00000165,12248364.00000000,1513465199999,19.40829410,932,6048365.00000000,9.67541854,497950267.24479838
2017-12-16 23:00:00,0.00000165,0.00000168,0.00000157,0.00000164,10066166.00000000,1513468799999,16.20989247,762,3218707.00000000,5.21715204,501134842.21697637
2017-12-17 00:00:00,0.00000164,0.00000170,0.00000155,0.00000159,10912552.00000000,1513472399999,17.93453103,801,4400375.00000000,7.32875535,501644519.64297637
2017-12-17 01:00:00,0.00000160,0.00000161,0.00000150,0.00000159,11531996.00000000,1513475999999,18.12505057,800,4467447.00000000,7.05128849,503033621.33188826
2017-12-17 02:00:00,0.00000159,0.00000186,0.00000159,0.00000183,15813268.00000000,1513479599999,27.73642247,1100,9349612.00000000,16.36310666,504193530.78188826
2017-12-17 03:00:00,0.00000183,0.00000187,0.00000180,0.00000185,13133207.00000000,1513483199999,24.26625537,798,5382569.00000000,9.99059947,509217485.72010826
2017-12-17 04:00:00,0.00000183,0.00000188,0.00000174,0.00000188,9404362.00000000,1513486799999,17.09627371,666,3787073.00000000,6.95013525,509937976.80180092
2017-12-17 05:00:00,0.00000188,0.00000220,0.00000188,0.00000207,26594016.00000000,1513490399999,53.63749234,1437,14888894.00000000,29.83379978,512725273.28711544
2017-12-17 06:00:00,0.00000208,0.00000209,0.00000187,0.00000188,14957246.00000000,1513493999999,29.62190835,1044,5370836.00000000,10.72279975,518017462.48867697
2017-12-17 07:00:00,0.00000189,0.00000198,0.00000177,0.00000188,12120704.00000000,1513497599999,22.73588183,922,3043558.00000000,5.76769472,525259883.32954957
2017-12-17 08:00:00,0.00000187,0.00000196,0.00000172,0.00000188,10980184.00000000,1513501199999,20.53919692,754,4393252.00000000,8.38768069,529417170.33259957
2017-12-17 09:00:00,0.00000189,0.00000220,0.00000187,0.00000207,18773228.00000000,1513504799999,38.00901413,1194,9951919.00000000,20.28442247,531940651.43903538
2017-12-17 10:00:00,0.00000206,0.00000207,0.00000193,0.00000194,8541580.00000000,1513508399999,17.18341821,687,2899522.00000000,5.83933382,533261482.24666972
2017-12-17 11:00:00,0.00000194,0.00000199,0.00000188,0.00000188,6890703.00000000,1513511999999,13.25124186,590,1575617.00000000,3.04696337,535757908.78366645
2017-12-17 12:00:00,0.00000189,0.00000189,0.00000168,0.00000181,13434848.00000000,1513515599999,23.91461591,1059,4410299.00000000,7.92004695,541142201.22705151
2017-12-17 13:00:00,0.00000181,0.00000181,0.00000170,0.00000174,12908592.00000000,1513519199999,22.57192440,883,2593478.00000000,4.57247734,549024979.52095533
2017-12-17 14:00:00,0.00000174,0.00000176,0.00000150,0.00000165,20225391.00000000,1513522799999,32.79308973,1316,8682777.00000000,14.04094122,552223882.26471274
2017-12-17 15:00:00,0.00000166,0.00000170,0.00000159,0.00000161,10135753.00000000,1513526399999,16.66525766,921,3530694.00000000,5.82066758,552278835.11295533
2017-12-17 16:00:00,0.00000162,0.00000186,0.00000162,0.00000185,12521386.00000000,1513529999999,21.99301432,893,6661894.00000000,11.72507983,554532637.15695533
2017-12-17 17:00:00,0.00000185,0.00000188,0.00000171,0.00000174,11834492.00000000,1513533599999,21.17540539,887,3544724.00000000,6.43375846,555859741.34592333
2017-12-17 18:00:00,0.00000174,0.00000180,0.00000173,0.00000177,6551473.00000000,1513537199999,11.65667179,686,3261271.00000000,5.83062156,555480235.26892333
2017-12-17 19:00:00,0.00000178,0.00000196,0.00000174,0.00000187,7945765.00000000,1513540799999,14.76982244,827,3421148.00000000,6.37488311,555394691.74584133
2017-12-17 20:00:00,0.00000187,0.00000197,0.00000187,0.00000195,3479197.00000000,1513544399999,6.66933646,594,1204810.00000000,2.32381096,556000696.82684133
2017-12-17 21:00:00,0.00000195,0.00000200,0.00000180,0.00000188,8116870.00000000,1513547999999,15.62603969,946,3493369.00000000,6.73303057,555985872.34329149
2017-12-17 22:00:00,0.00000188,0.00000192,0.00000181,0.00000185,6213251.00000000,1513551599999,11.57492885,776,2032824.00000000,3.80290117,556727524.61184731
2017-12-17 23:00:00,0.00000185,0.00000187,0.00000175,0.00000183,5873456.00000000,1513555199999,10.62535637,668,2013107.00000000,3.65692053,557245769.38184731
2017-12-18 00:00:00,0.00000183,0.00000188,0.00000175,0.00000178,7499328.00000000,1513558799999,13.57220321,881,2926594.00000000,5.32082814,560425685.38184731
2017-12-18 01:00:00,0.00000178,0.00000181,0.00000155,0.00000172,14189979.00000000,1513562399999,23.51916594,2049,4674372.00000000,7.84681587,561222368.09084731
2017-12-18 02:00:00,0.00000172,0.00000181,0.00000172,0.00000175,3655731.00000000,1513565999999,6.46270568,492,1343464.00000000,2.38314259,562760671.11084731
2017-12-18 03:00:00,0.00000176,0.00000179,0.00000171,0.00000174,4275368.00000000,1513569599999,7.48295091,538,1211863.00000000,2.12727305,564013784.34161698
2017-12-18 04:00:00,0.00000174,0.00000182,0.00000164,0.00000180,9944490.00000000,1513573199999,16.85495307,835,4872711.00000000,8.21914956,564209761.05761698
2017-12-18 05:00:00,0.00000181,0.00000186,0.00000172,0.00000183,10892246.00000000,1513576799999,19.38543808,858,4517611.00000000,8.04613446,565303758.47422698
2017-12-18 06:00:00,0.00000183,0.00000190,0.00000178,0.00000183,7967474.00000000,1513580399999,14.52181061,773,3957159.00000000,7.25227647,566097021.99922698
2017-12-18 07:00:00,0.00000184,0.00000191,0.00000183,0.00000188,7296001.00000000,1513583999999,13.60382436,813,4102782.00000000,7.67246359,565216736.65393694
2017-12-18 08:00:00,0.00000188,0.00000190,0.00000178,0.00000179,7812902.00000000,1513587599999,14.34797272,794,1858971.00000000,3.45123549,566444321.14486242
2017-12-18 09:00:00,0.00000179,0.00000183,0.00000170,0.00000182,9298833.00000000,1513591199999,16.41701394,755,3583808.00000000,6.35333257,567870993.71610194
2017-12-18 10:00:00,0.00000180,0.00000183,0.00000173,0.00000175,5771605.00000000,1513594799999,10.25315312,548,1734247.00000000,3.09133306,568245319.21739194
2017-12-18 11:00:00,0.00000175,0.00000176,0.00000164,0.00000168,10493850.00000000,1513598399999,17.73037926,977,3596168.00000000,6.12240113,566702577.72382693
2017-12-18 12:00:00,0.00000167,0.00000175,0.00000164,0.00000167,5162030.00000000,1513600155289,8.65109468,561,2466999.00000000,4.15343048,567001950.27740976
2017-12-18 13:00:00,0.00000167,0.00000170,0.00000157,0.00000165,11941957.00000000,1513605599999,19.41547337,719,3287599.00000000,5.39527029,0
2017-12-18 14:00:00,0.00000165,0.00000185,0.00000164,0.00000177,15037884.00000000,1513609199999,26.13220867,1230,6391835.00000000,11.19582254,0
2017-12-18 15:00:00,0.00000177,0.00000195,0.00000170,0.00000190,16453922.00000000,1513612799999,30.56964853,1070,9777625.00000000,18.32331818,0
2017-12-18 16:00:00,0.00000190,0.00000212,0.00000190,0.00000208,22053254.00000000,1513616399999,45.18029314,1489,11777036.00000000,24.12034347,0
2017-12-18 17:00:00,0.00000208,0.00000212,0.00000191,0.00000196,11538111.00000000,1513619999999,23.19982485,868,4602012.00000000,9.34043077,0
2017-12-18 18:00:00,0.00000197,0.00000211,0.00000194,0.00000204,13970283.00000000,1513623599999,28.67222027,847,5965402.00000000,12.23650321,0
2017-12-18 19:00:00,0.00000205,0.00000239,0.00000203,0.00000232,18770110.00000000,1513627199999,42.25428223,1313,10588351.00000000,23.75279765,0
2017-12-18 20:00:00,0.00000231,0.00000365,0.00000231,0.00000339,179815119.00000000,1513630799999,570.93168829,10834,94447922.00000000,298.18225928,0
2017-12-18 21:00:00,0.00000337,0.00000389,0.00000321,0.00000377,105822698.00000000,1513634399999,383.80448796,7617,50234048.00000000,182.40348640,0
2017-12-18 22:00:00,0.00000376,0.00000377,0.00000320,0.00000340,67829963.00000000,1513637999999,236.44947252,5151,27445182.00000000,96.19088945,0
2017-12-18 23:00:00,0.00000340,0.00000352,0.00000330,0.00000340,29949136.00000000,1513641599999,102.54072278,2841,13545614.00000000,46.53164311,0
2017-12-19 00:00:00,0.00000340,0.00000353,0.00000333,0.00000340,24547675.00000000,1513645199999,83.99891803,2379,11301985.00000000,38.84752613,0
2017-12-19 01:00:00,0.00000339,0.00000346,0.00000320,0.00000345,22518900.00000000,1513648799999,75.07168350,2338,7270522.00000000,24.50643486,0
2017-12-19 02:00:00,0.00000344,0.00000375,0.00000331,0.00000350,33914427.00000000,1513652399999,121.67163937,3268,16147017.00000000,58.11174494,0
2017-12-19 03:00:00,0.00000349,0.00000349,0.00000324,0.00000332,15104633.00000000,1513655999999,50.16302485,1678,4819865.00000000,16.07178402,0
2017-12-19 04:00:00,0.00000330,0.00000335,0.00000307,0.00000322,17862235.00000000,1513659599999,57.69970199,1671,7341253.00000000,23.84277319,0
2017-12-19 05:00:00,0.00000322,0.00000374,0.00000320,0.00000369,18989592.00000000,1513663199999,66.45033030,2067,11851767.00000000,41.53115880,0
2017-12-19 06:00:00,0.00000369,0.00000386,0.00000360,0.00000383,21022973.00000000,1513666799999,77.57476210,2280,8678261.00000000,32.26456286,0
2017-12-19 07:00:00,0.00000384,0.00000418,0.00000375,0.00000409,42028415.00000000,1513670399999,168.48193312,3982,19517921.00000000,78.30988659,0
2017-12-19 08:00:00,0.00000409,0.00000449,0.00000406,0.00000420,46359316.00000000,1513673999999,197.43730411,4177,23165920.00000000,98.74980505,0
2017-12-19 09:00:00,0.00000420,0.00000423,0.00000376,0.00000400,26078414.00000000,1513677599999,103.62381540,2567,8734898.00000000,34.91798249,0
2017-12-19 10:00:00,0.00000403,0.00000403,0.00000330,0.00000358,39190861.00000000,1513681199999,142.00507923,3131,14195268.00000000,51.50392759,0
2017-12-19 11:00:00,0.00000358,0.00000403,0.00000340,0.00000360,20236170.00000000,1513684799999,75.46136429,2307,10700422.00000000,39.98877568,0
2017-12-19 12:00:00,0.00000360,0.00000415,0.00000356,0.00000399,21417739.00000000,1513688399999,84.60358451,2564,13100811.00000000,51.88367713,0
2017-12-19 13:00:00,0.00000400,0.00000489,0.00000399,0.00000463,77819391.00000000,1513691999999,346.52379487,6762,39464366.00000000,175.75985594,0
2017-12-19 14:00:00,0.00000463,0.00000480,0.00000391,0.00000410,62751636.00000000,1513695599999,275.09360166,5466,26948336.00000000,118.10237028,0
2017-12-19 15:00:00,0.00000410,0.00000438,0.00000403,0.00000431,23578295.00000000,1513699199999,100.35364722,2804,10020221.00000000,42.84359480,0
2017-12-19 16:00:00,0.00000431,0.00000460,0.00000425,0.00000434,22175989.00000000,1513702799999,98.56467164,3747,11058578.00000000,49.29186225,0
2017-12-19 17:00:00,0.00000435,0.00000440,0.00000409,0.00000410,18078568.00000000,1513706399999,76.85586694,2780,7468605.00000000,31.84197186,0
2017-12-19 18:00:00,0.00000412,0.00000435,0.00000403,0.00000432,13442301.00000000,1513709999999,56.98857124,2111,8021246.00000000,34.05154018,0
2017-12-19 19:00:00,0.00000432,0.00000448,0.00000430,0.00000448,10600241.00000000,1513713599999,46.50683775,1995,6051443.00000000,26.56794611,0
2017-12-19 20:00:00,0.00000446,0.00000447,0.00000415,0.00000421,9412619.00000000,1513717199999,40.85756902,1533,2816235.00000000,12.26863364,0
2017-12-19 21:00:00,0.00000423,0.00000432,0.00000408,0.00000410,11203539.00000000,1513720799999,46.76270801,1444,3802898.00000000,15.99005580,0
2017-12-19 22:00:00,0.00000409,0.00000414,0.00000402,0.00000407,8064126.00000000,1513724399999,32.77213381,1209,3603410.00000000,14.66061620,0
2017-12-19 23:00:00,0.00000407,0.00000409,0.00000319,0.00000378,24946345.00000000,1513727999999,92.00844548,2385,7354867.00000000,27.80367079,0
2017-12-20 00:00:00,0.00000380,0.00000397,0.00000303,0.00000330,25004449.00000000,1513731599999,84.60111905,2350,9607007.00000000,32.83035502,0
2017-12-20 01:00:00,0.00000327,0.00000344,0.00000308,0.00000322,14644108.00000000,1513735199999,47.84772145,1456,6838084.00000000,22.38644967,0
2017-12-20 02:00:00,0.00000320,0.00000388,0.00000320,0.00000370,9515982.00000000,1513738799999,33.45102898,1251,6148783.00000000,21.52325728,0
2017-12-20 03:00:00,0.00000370,0.00000392,0.00000366,0.00000383,9176870.00000000,1513742399999,35.07107440,1209,4679396.00000000,17.96586766,0
2017-12-20 04:00:00,0.00000382,0.00000390,0.00000350,0.00000376,5998564.00000000,1513745999999,22.22138721,914,2631994.00000000,9.79905682,0
2017-12-20 05:00:00,0.00000376,0.00000381,0.00000347,0.00000352,8724899.00000000,1513749599999,31.38346277,942,2931115.00000000,10.54419192,0
2017-12-20 06:00:00,0.00000352,0.00000359,0.00000333,0.00000348,8617537.00000000,1513753199999,30.07693504,902,3579983.00000000,12.55730829,0
2017-12-20 07:00:00,0.00000348,0.00000356,0.00000330,0.00000349,5490188.00000000,1513756799999,18.83083476,763,2211876.00000000,7.63633672,0
2017-12-20 08:00:00,0.00000348,0.00000370,0.00000347,0.00000362,5340907.00000000,1513760399999,19.20853794,793,2947173.00000000,10.60814767,0
2017-12-20 09:00:00,0.00000362,0.00000369,0.00000340,0.00000349,7218317.00000000,1513763999999,25.65062539,729,3195189.00000000,11.42493920,0
2017-12-20 10:00:00,0.00000350,0.00000385,0.00000347,0.00000380,9442329.00000000,1513767599999,34.06471823,1100,5028136.00000000,18.23761571,0
2017-12-20 11:00:00,0.00000380,0.00000426,0.00000378,0.00000386,16741079.00000000,1513771199999,67.95892005,2181,7666825.00000000,31.14230344,0
2017-12-20 12:00:00,0.00000385,0.00000408,0.00000371,0.00000375,10613316.00000000,1513774799999,40.96622609,1321,4072348.00000000,15.81728559,0
2017-12-20 13:00:00,0.00000377,0.00000400,0.00000360,0.00000364,10938371.00000000,1513778399999,40.67777578,1239,4624219.00000000,17.33078462,0
2017-12-20 14:00:00,0.00000365,0.00000375,0.00000360,0.00000366,5601253.00000000,1513781999999,20.58959885,1157,2787841.00000000,10.27753798,0
2017-12-20 15:00:00,0.00000366,0.00000384,0.00000358,0.00000361,18771595.00000000,1513785599999,68.67587638,1475,10348435.00000000,37.86319222,0
2017-12-20 16:00:00,0.00000361,0.00000370,0.00000339,0.00000345,9927832.00000000,1513789199999,34.91229908,1185,3161918.00000000,11.19463562,0
2017-12-20 17:00:00,0.00000345,0.00000370,0.00000343,0.00000358,3599551.00000000,1513792799999,12.97049494,727,1687038.00000000,6.07836977,0
2017-12-20 18:00:00,0.00000353,0.00000368,0.00000352,0.00000366,3708007.00000000,1513796399999,13.35518473,621,2697306.00000000,9.73821330,0
2017-12-20 19:00:00,0.00000366,0.00000375,0.00000364,0.00000372,3307076.00000000,1513799999999,12.21149202,819,1405486.00000000,5.20771802,0
2017-12-20 20:00:00,0.00000372,0.00000373,0.00000350,0.00000361,7025344.00000000,1513803599999,25.32487835,855,3122429.00000000,11.24675377,0
2017-12-20 21:00:00,0.00000360,0.00000384,0.00000358,0.00000376,5385642.00000000,1513807199999,20.06664260,822,3045529.00000000,11.42632087,0
2017-12-20 22:00:00,0.00000377,0.00000381,0.00000369,0.00000370,5092404.00000000,1513810799999,19.17083184,574,2669872.00000000,10.08735570,0
2017-12-20 23:00:00,0.00000370,0.00000372,0.00000350,0.00000364,5217616.00000000,1513814399999,18.78117420,922,2111842.00000000,7.64342282,0
2017-12-21 00:00:00,0.00000365,0.00000369,0.00000355,0.00000361,3846421.00000000,1513817999999,13.97275030,578,2366003.00000000,8.61096635,0
2017-12-21 01:00:00,0.00000360,0.00000369,0.00000356,0.00000362,4737572.00000000,1513821599999,17.10917508,678,2062718.00000000,7.45839359,0
2017-12-21 02:00:00,0.00000362,0.00000375,0.00000359,0.00000364,5754545.00000000,1513825199999,21.08650206,854,2403203.00000000,8.84602755,0
2017-12-21 03:00:00,0.00000365,0.00000407,0.00000364,0.00000405,11664880.00000000,1513828799999,45.48696774,1519,6896792.00000000,26.87427905,0
2017-12-21 04:00:00,0.00000405,0.00000431,0.00000382,0.00000393,16886453.00000000,1513832399999,69.02578890,1739,8376507.00000000,34.38152961,0
2017-12-21 05:00:00,0.00000393,0.00000418,0.00000384,0.00000401,6554289.00000000,1513835999999,26.10095725,848,3482529.00000000,13.85852487,0
2017-12-21 06:00:00,0.00000401,0.00000418,0.00000388,0.00000412,6850351.00000000,1513839599999,27.41631416,851,3106864.00000000,12.49059868,0
2017-12-21 07:00:00,0.00000412,0.00000440,0.00000397,0.00000417,10275037.00000000,1513843199999,43.03462264,1214,4371010.00000000,18.36328126,0
2017-12-21 08:00:00,0.00000417,0.00000425,0.00000399,0.00000405,4838220.00000000,1513846799999,19.74805793,692,1913067.00000000,7.83463494,0
2017-12-21 09:00:00,0.00000405,0.00000409,0.00000386,0.00000394,4121510.00000000,1513850399999,16.40717321,671,1154143.00000000,4.61719263,0
2017-12-21 10:00:00,0.00000394,0.00000399,0.00000385,0.00000388,5247310.00000000,1513853999999,20.46475466,633,2043007.00000000,7.98981432,0
2017-12-21 11:00:00,0.00000388,0.00000410,0.00000386,0.00000406,4306444.00000000,1513857599999,17.21145273,706,1975900.00000000,7.91526199,0
2017-12-21 12:00:00,0.00000405,0.00000415,0.00000386,0.00000398,8040519.00000000,1513861199999,32.36139001,1051,2792014.00000000,11.21000044,0
2017-12-21 13:00:00,0.00000398,0.00000398,0.00000369,0.00000381,7969197.00000000,1513864799999,30.43897227,1149,3408439.00000000,13.05675650,0
2017-12-21 14:00:00,0.00000381,0.00000411,0.00000365,0.00000377,10038627.00000000,1513868399999,38.61959355,1399,4766217.00000000,18.53273610,0
2017-12-21 15:00:00,0.00000379,0.00000398,0.00000364,0.00000366,6368388.00000000,1513871999999,23.78513233,914,2056131.00000000,7.74715916,0
2017-12-21 16:00:00,0.00000369,0.00000379,0.00000360,0.00000373,5325474.00000000,1513875599999,19.56198738,707,3473099.00000000,12.75766558,0
2017-12-21 17:00:00,0.00000373,0.00000380,0.00000364,0.00000379,5252837.00000000,1513879199999,19.67765597,678,2790231.00000000,10.47190302,0
2017-12-21 18:00:00,0.00000380,0.00000384,0.00000375,0.00000381,2496265.00000000,1513882799999,9.45774954,410,1198933.00000000,4.55297565,0
2017-12-21 19:00:00,0.00000378,0.00000381,0.00000372,0.00000380,1443804.00000000,1513886399999,5.42349278,395,689569.00000000,2.59356934,0
2017-12-21 20:00:00,0.00000379,0.00000381,0.00000374,0.00000378,1305855.00000000,1513889999999,4.93133105,332,497002.00000000,1.88176552,0
2017-12-21 21:00:00,0.00000378,0.00000392,0.00000378,0.00000383,2715251.00000000,1513893599999,10.41679850,510,1399834.00000000,5.38761738,0
2017-12-21 22:00:00,0.00000382,0.00000385,0.00000375,0.00000378,4449218.00000000,1513897199999,16.84072663,515,1356439.00000000,5.15354130,0
2017-12-21 23:00:00,0.00000378,0.00000389,0.00000376,0.00000383,3746018.00000000,1513900799999,14.26397266,561,2200757.00000000,8.38271401,0
2017-12-22 00:00:00,0.00000384,0.00000391,0.00000380,0.00000385,1985999.00000000,1513904399999,7.64816605,473,571116.00000000,2.20568137,0
2017-12-22 01:00:00,0.00000382,0.00000393,0.00000380,0.00000389,4314312.00000000,1513907999999,16.76061544,447,916887.00000000,3.56547678,0
2017-12-22 02:00:00,0.00000390,0.00000391,0.00000365,0.00000365,6179333.00000000,1513911599999,23.51353544,568,1106325.00000000,4.16601537,0
2017-12-22 03:00:00,0.00000366,0.00000366,0.00000348,0.00000355,6948359.00000000,1513915199999,24.67831449,687,1683732.00000000,6.06080942,0
2017-12-22 04:00:00,0.00000355,0.00000389,0.00000348,0.00000366,2531044.00000000,1513918799999,9.31112330,480,1723960.00000000,6.35063945,0
2017-12-22 05:00:00,0.00000366,0.00000371,0.00000361,0.00000371,1875121.00000000,1513922399999,6.83085247,281,818838.00000000,2.99133537,0
2017-12-22 06:00:00,0.00000365,0.00000369,0.00000350,0.00000351,2551398.00000000,1513925999999,9.08277047,343,511495.00000000,1.82095243,0
2017-12-22 07:00:00,0.00000351,0.00000353,0.00000310,0.00000316,12913615.00000000,1513929599999,41.82133335,902,5415344.00000000,17.50955752,0
2017-12-22 08:00:00,0.00000317,0.00000330,0.00000308,0.00000325,4632723.00000000,1513933199999,14.83727303,498,2065277.00000000,6.65639098,0
2017-12-22 09:00:00,0.00000324,0.00000345,0.00000322,0.00000332,4726261.00000000,1513936799999,15.73482795,481,1636144.00000000,5.46153231,0
2017-12-22 10:00:00,0.00000332,0.00000337,0.00000327,0.00000335,1499025.00000000,1513940399999,5.00672941,236,845339.00000000,2.83251662,0
2017-12-22 11:00:00,0.00000334,0.00000337,0.00000329,0.00000332,2334614.00000000,1513943999999,7.77571193,261,1195608.00000000,3.99817553,0
2017-12-22 12:00:00,0.00000330,0.00000337,0.00000326,0.00000326,1472389.00000000,1513947599999,4.89645972,235,836085.00000000,2.79745949,0
2017-12-22 13:00:00,0.00000326,0.00000331,0.00000300,0.00000308,7184517.00000000,1513951199999,22.15500490,555,1532422.00000000,4.75549054,0
2017-12-22 14:00:00,0.00000308,0.00000308,0.00000271,0.00000284,8985584.00000000,1513954799999,26.00286853,1047,3051456.00000000,8.86184687,0
2017-12-22 15:00:00,0.00000284,0.00000329,0.00000284,0.00000325,4270248.00000000,1513958399999,13.38608348,588,2350136.00000000,7.34948727,0
2017-12-22 16:00:00,0.00000325,0.00000347,0.00000307,0.00000347,4576677.00000000,1513961999999,14.95838252,513,2159089.00000000,7.11229528,0
2017-12-22 17:00:00,0.00000347,0.00000366,0.00000340,0.00000365,3421303.00000000,1513965599999,12.06924326,570,1683541.00000000,5.97682707,0
2017-12-22 18:00:00,0.00000364,0.00000369,0.00000345,0.00000346,3149845.00000000,1513969199999,11.26325383,363,923275.00000000,3.31556973,0
2017-12-22 19:00:00,0.00000346,0.00000365,0.00000340,0.00000357,3228254.00000000,1513972799999,11.34874069,455,1419295.00000000,4.97316511,0
2017-12-22 20:00:00,0.00000357,0.00000387,0.00000345,0.00000380,4159793.00000000,1513976399999,15.23705668,521,2234221.00000000,8.24668335,0
2017-12-22 21:00:00,0.00000380,0.00000389,0.00000355,0.00000371,2583586.00000000,1513979999999,9.60823314,543,1150697.00000000,4.29442896,0
2017-12-22 22:00:00,0.00000371,0.00000378,0.00000352,0.00000363,2782915.00000000,1513983599999,10.19107419,328,1141131.00000000,4.19819848,0
2017-12-22 23:00:00,0.00000363,0.00000366,0.00000341,0.00000353,2488685.00000000,1513987199999,8.84415766,381,1104428.00000000,3.96347416,0
2017-12-23 00:00:00,0.00000353,0.00000372,0.00000335,0.00000354,1450644.00000000,1513990799999,5.11065132,289,483500.00000000,1.73612583,0
2017-12-23 01:00:00,0.00000354,0.00000373,0.00000347,0.00000348,1629608.00000000,1513994399999,5.80319863,277,522904.00000000,1.88266463,0
2017-12-23 02:00:00,0.00000350,0.00000355,0.00000343,0.00000351,2020052.00000000,1513997999999,6.99637764,330,874572.00000000,3.03857522,0
2017-12-23 03:00:00,0.00000351,0.00000352,0.00000343,0.00000348,2217228.00000000,1514001599999,7.70784084,295,782347.00000000,2.72617500,0
2017-12-23 04:00:00,0.00000350,0.00000352,0.00000343,0.00000346,1938355.00000000,1514005199999,6.73063197,245,840247.00000000,2.92231448,0
2017-12-23 05:00:00,0.00000347,0.00000350,0.00000338,0.00000346,1609192.00000000,1514008799999,5.56617022,281,587570.00000000,2.03759672,0
2017-12-23 06:00:00,0.00000346,0.00000348,0.00000333,0.00000342,1480524.00000000,1514012399999,4.98414472,248,557357.00000000,1.87911715,0
2017-12-23 07:00:00,0.00000342,0.00000348,0.00000332,0.00000337,2554711.00000000,1514015999999,8.67337567,279,941424.00000000,3.21302671,0
2017-12-23 08:00:00,0.00000337,0.00000343,0.00000323,0.00000334,2880927.00000000,1514019599999,9.50583927,432,865633.00000000,2.87296107,0
2017-12-23 09:00:00,0.00000334,0.00000339,0.00000313,0.00000324,4978367.00000000,1514023199999,16.14855476,474,1572092.00000000,5.08818566,0
2017-12-23 10:00:00,0.00000325,0.00000348,0.00000316,0.00000345,5004217.00000000,1514026799999,16.86234728,621,1429391.00000000,4.77063112,0
2017-12-23 11:00:00,0.00000345,0.00000360,0.00000340,0.00000356,2348161.00000000,1514030399999,8.19706133,390,1392138.00000000,4.88048827,0
2017-12-23 12:00:00,0.00000358,0.00000364,0.00000348,0.00000360,3086465.00000000,1514033999999,10.98944975,445,1569198.00000000,5.60960104,0
2017-12-23 13:00:00,0.00000355,0.00000386,0.00000354,0.00000376,5458977.00000000,1514037599999,20.55460142,679,2863612.00000000,10.75214084,0
2017-12-23 14:00:00,0.00000376,0.00000380,0.00000360,0.00000372,3200160.00000000,1514041199999,11.77924348,528,1063865.00000000,3.94020358,0
2017-12-23 15:00:00,0.00000372,0.00000390,0.00000367,0.00000381,6511779.00000000,1514044799999,24.67559882,717,2447994.00000000,9.32247171,0
2017-12-23 16:00:00,0.00000384,0.00000387,0.00000370,0.00000381,4313496.00000000,1514048399999,16.41788930,539,2066698.00000000,7.90536824,0
2017-12-23 17:00:00,0.00000381,0.00000381,0.00000344,0.00000348,5330650.00000000,1514051999999,19.02998616,782,1884149.00000000,6.72229745,0
2017-12-23 18:00:00,0.00000348,0.00000385,0.00000348,0.00000370,4922848.00000000,1514055599999,18.23742151,730,3092893.00000000,11.52961922,0
2017-12-23 19:00:00,0.00000367,0.00000371,0.00000354,0.00000358,4114422.00000000,1514059199999,14.91839636,622,1908851.00000000,6.96207126,0
2017-12-23 20:00:00,0.00000359,0.00000368,0.00000355,0.00000359,1922212.00000000,1514062799999,6.92902285,446,977449.00000000,3.53578944,0
2017-12-23 21:00:00,0.00000359,0.00000367,0.00000357,0.00000366,2982431.00000000,1514066399999,10.74530201,533,1041208.00000000,3.76789182,0
2017-12-23 22:00:00,0.00000366,0.00000368,0.00000355,0.00000367,2316663.00000000,1514069999999,8.37699160,397,1090174.00000000,3.96582401,0
2017-12-23 23:00:00,0.00000368,0.00000370,0.00000340,0.00000348,3410819.00000000,1514073599999,12.20295568,550,908213.00000000,3.30061588,0
2017-12-24 00:00:00,0.00000348,0.00000370,0.00000335,0.00000359,3282007.00000000,1514077199999,11.38281118,482,1261947.00000000,4.45253518,0
2017-12-24 01:00:00,0.00000354,0.00000361,0.00000345,0.00000348,2366149.00000000,1514080799999,8.28846008,317,691587.00000000,2.43930554,0
2017-12-24 02:00:00,0.00000350,0.00000350,0.00000321,0.00000328,5615591.00000000,1514084399999,19.02204106,400,797530.00000000,2.68160245,0
2017-12-24 03:00:00,0.00000328,0.00000345,0.00000323,0.00000345,1925323.00000000,1514087999999,6.48092778,268,1323179.00000000,4.45890344,0
2017-12-24 04:00:00,0.00000345,0.00000345,0.00000330,0.00000336,1146220.00000000,1514091599999,3.88658502,205,655692.00000000,2.23347941,0
2017-12-24 05:00:00,0.00000334,0.00000343,0.00000330,0.00000333,1186771.00000000,1514095199999,3.96495068,235,522593.00000000,1.75196685,0
2017-12-24 06:00:00,0.00000333,0.00000348,0.00000333,0.00000343,1924106.00000000,1514098799999,6.59678481,265,1162443.00000000,3.99511926,0
2017-12-24 07:00:00,0.00000339,0.00000344,0.00000330,0.00000333,1801220.00000000,1514102399999,6.05337201,310,769293.00000000,2.59211397,0
2017-12-24 08:00:00,0.00000333,0.00000338,0.00000326,0.00000337,1858099.00000000,1514105999999,6.18431400,266,459266.00000000,1.53980223,0
2017-12-24 09:00:00,0.00000337,0.00000338,0.00000323,0.00000334,2938325.00000000,1514109599999,9.67435569,406,1450935.00000000,4.79310071,0
2017-12-24 10:00:00,0.00000335,0.00000338,0.00000327,0.00000331,792363.00000000,1514113199999,2.63431377,228,353610.00000000,1.17737391,0
2017-12-24 11:00:00,0.00000332,0.00000339,0.00000327,0.00000331,1290449.00000000,1514116799999,4.27038505,310,615587.00000000,2.03800549,0
2017-12-24 12:00:00,0.00000334,0.00000335,0.00000327,0.00000331,1251428.00000000,1514120399999,4.14667875,233,709532.00000000,2.36035321,0
2017-12-24 13:00:00,0.00000331,0.00000350,0.00000328,0.00000343,5743208.00000000,1514123999999,19.40609603,443,3867732.00000000,13.02601789,0
2017-12-24 14:00:00,0.00000344,0.00000352,0.00000338,0.00000342,1866132.00000000,1514127599999,6.45345319,337,878699.00000000,3.06280744,0
2017-12-24 15:00:00,0.00000342,0.00000354,0.00000340,0.00000350,1575728.00000000,1514131199999,5.46921322,254,890464.00000000,3.09914995,0
2017-12-24 16:00:00,0.00000350,0.00000353,0.00000344,0.00000346,1660783.00000000,1514134799999,5.78913905,244,535130.00000000,1.86769275,0
2017-12-24 17:00:00,0.00000345,0.00000345,0.00000335,0.00000342,1321400.00000000,1514138399999,4.48049706,247,382588.00000000,1.30087586,0
2017-12-24 18:00:00,0.00000345,0.00000345,0.00000334,0.00000337,1194961.00000000,1514141999999,4.03935482,254,156850.00000000,0.52932541,0
2017-12-24 19:00:00,0.00000337,0.00000340,0.00000331,0.00000336,1353218.00000000,1514145599999,4.55527835,201,1040840.00000000,3.50886122,0
2017-12-24 20:00:00,0.00000336,0.00000336,0.00000334,0.00000336,729704.00000000,1514149199999,2.44603020,175,458901.00000000,1.53952226,0
2017-12-24 21:00:00,0.00000335,0.00000339,0.00000331,0.00000338,975182.00000000,1514152799999,3.25986237,213,408207.00000000,1.36958926,0
2017-12-24 22:00:00,0.00000338,0.00000338,0.00000326,0.00000337,1565367.00000000,1514156399999,5.19718975,255,585382.00000000,1.96175075,0
2017-12-24 23:00:00,0.00000336,0.00000340,0.00000329,0.00000339,1445493.00000000,1514159999999,4.80062074,255,726338.00000000,2.41767077,0
2017-12-25 00:00:00,0.00000335,0.00000339,0.00000330,0.00000336,1623290.00000000,1514163599999,5.42797985,261,711594.00000000,2.38304140,0
2017-12-25 01:00:00,0.00000338,0.00000339,0.00000330,0.00000339,1352545.00000000,1514167199999,4.53929731,226,518310.00000000,1.74568484,0
2017-12-25 02:00:00,0.00000339,0.00000356,0.00000339,0.00000347,2418069.00000000,1514170799999,8.46423712,300,1216936.00000000,4.25838957,0
2017-12-25 03:00:00,0.00000347,0.00000358,0.00000345,0.00000350,1220653.00000000,1514174399999,4.26678522,222,647213.00000000,2.27071468,0
2017-12-25 04:00:00,0.00000353,0.00000354,0.00000344,0.00000353,2196389.00000000,1514177999999,7.64812121,388,655055.00000000,2.29317319,0
2017-12-25 05:00:00,0.00000353,0.00000377,0.00000345,0.00000372,2598055.00000000,1514181599999,9.41659923,517,1644278.00000000,5.96724851,0
2017-12-25 06:00:00,0.00000370,0.00000385,0.00000359,0.00000367,6410418.00000000,1514185199999,24.06076069,729,3632820.00000000,13.73221813,0
2017-12-25 07:00:00,0.00000367,0.00000371,0.00000349,0.00000356,2348971.00000000,1514188799999,8.43321549,513,634784.00000000,2.30246197,0
2017-12-25 08:00:00,0.00000356,0.00000362,0.00000350,0.00000359,1722548.00000000,1514192399999,6.13993182,572,742245.00000000,2.65485877,0
2017-12-25 09:00:00,0.00000359,0.00000361,0.00000347,0.00000356,2592819.00000000,1514195999999,9.12910423,732,1314987.00000000,4.64932952,0
2017-12-25 10:00:00,0.00000356,0.00000380,0.00000353,0.00000375,3280766.00000000,1514199599999,12.03377911,542,2530974.00000000,9.29401163,0
2017-12-25 11:00:00,0.00000371,0.00000385,0.00000356,0.00000369,3990247.00000000,1514203199999,14.87417520,533,2154635.00000000,8.12044102,0
2017-12-25 12:00:00,0.00000369,0.00000389,0.00000359,0.00000378,5092646.00000000,1514206799999,19.26124455,691,2469168.00000000,9.40313329,0
2017-12-25 13:00:00,0.00000373,0.00000381,0.00000360,0.00000366,2037958.00000000,1514210399999,7.50094493,412,931732.00000000,3.42673114,0
2017-12-25 14:00:00,0.00000367,0.00000369,0.00000358,0.00000365,2226089.00000000,1514213999999,8.08147734,304,923453.00000000,3.35870482,0
2017-12-25 15:00:00,0.00000365,0.00000380,0.00000365,0.00000377,1830869.00000000,1514217599999,6.77557903,318,907825.00000000,3.37274836,0
2017-12-25 16:00:00,0.00000378,0.00000381,0.00000360,0.00000365,2390467.00000000,1514221199999,8.84365693,372,550857.00000000,2.03963173,0
2017-12-25 17:00:00,0.00000365,0.00000368,0.00000352,0.00000360,3106170.00000000,1514224799999,11.20203583,389,1212381.00000000,4.39937434,0
2017-12-25 18:00:00,0.00000360,0.00000374,0.00000355,0.00000370,2797531.00000000,1514228399999,10.14765589,400,1580747.00000000,5.73390361,0
2017-12-25 19:00:00,0.00000369,0.00000388,0.00000367,0.00000388,4276926.00000000,1514231999999,16.26966292,483,3181146.00000000,12.10380832,0
2017-12-25 20:00:00,0.00000388,0.00000395,0.00000374,0.00000378,2903607.00000000,1514235599999,11.25797875,579,2050530.00000000,7.98835523,0
2017-12-25 21:00:00,0.00000378,0.00000395,0.00000375,0.00000380,2711441.00000000,1514239199999,10.43039819,499,1022024.00000000,3.95810051,0
2017-12-25 22:00:00,0.00000380,0.00000396,0.00000372,0.00000383,4414566.00000000,1514242799999,17.04868662,597,2571805.00000000,9.95135954,0
2017-12-25 23:00:00,0.00000383,0.00000390,0.00000364,0.00000368,4237598.00000000,1514246399999,15.90705913,503,1513680.00000000,5.74363439,0
2017-12-26 00:00:00,0.00000377,0.00000386,0.00000365,0.00000385,1991742.00000000,1514249999999,7.52041332,367,1030155.00000000,3.90963407,0
2017-12-26 01:00:00,0.00000382,0.00000400,0.00000381,0.00000400,3035614.00000000,1514253599999,11.89045076,475,2158805.00000000,8.48641322,0
2017-12-26 02:00:00,0.00000396,0.00000410,0.00000379,0.00000405,5701653.00000000,1514257199999,22.48844230,685,2698462.00000000,10.77325216,0
2017-12-26 03:00:00,0.00000405,0.00000419,0.00000375,0.00000380,7279420.00000000,1514260799999,28.84643702,1079,2146064.00000000,8.73810006,0
2017-12-26 04:00:00,0.00000380,0.00000385,0.00000360,0.00000380,4677437.00000000,1514264399999,17.36278280,1125,1376104.00000000,5.13090367,0
2017-12-26 05:00:00,0.00000380,0.00000380,0.00000345,0.00000347,6384838.00000000,1514267999999,22.52567290,635,990622.00000000,3.49587195,0
2017-12-26 06:00:00,0.00000348,0.00000357,0.00000340,0.00000350,1361482.00000000,1514271599999,4.73134598,280,313309.00000000,1.09459618,0
2017-12-26 07:00:00,0.00000346,0.00000351,0.00000340,0.00000348,1637212.00000000,1514275199999,5.67416090,256,846599.00000000,2.94252023,0
2017-12-26 08:00:00,0.00000348,0.00000355,0.00000345,0.00000350,1526207.00000000,1514278799999,5.30733240,223,554758.00000000,1.93460860,0
2017-12-26 09:00:00,0.00000350,0.00000362,0.00000346,0.00000358,2214504.00000000,1514282399999,7.80231220,338,901249.00000000,3.18925759,0
2017-12-26 10:00:00,0.00000358,0.00000365,0.00000339,0.00000345,3641256.00000000,1514285999999,12.66960181,432,1017083.00000000,3.58089406,0
2017-12-26 11:00:00,0.00000345,0.00000346,0.00000336,0.00000340,2619189.00000000,1514289599999,8.89099338,444,1011022.00000000,3.44829294,0
2017-12-26 12:00:00,0.00000340,0.00000349,0.00000335,0.00000339,1161530.00000000,1514293199999,3.93800931,288,542439.00000000,1.84245089,0
2017-12-26 13:00:00,0.00000339,0.00000342,0.00000332,0.00000338,1601584.00000000,1514296799999,5.38991528,343,881458.00000000,2.96758964,0
2017-12-26 14:00:00,0.00000337,0.00000343,0.00000311,0.00000313,7900977.00000000,1514300399999,25.81965668,632,1538741.00000000,5.03596429,0
2017-12-26 15:00:00,0.00000313,0.00000326,0.00000305,0.00000324,3539917.00000000,1514303999999,10.98533754,454,1173342.00000000,3.65451301,0
2017-12-26 16:00:00,0.00000324,0.00000325,0.00000304,0.00000305,2969590.00000000,1514307599999,9.23132707,389,1338220.00000000,4.18731010,0
2017-12-26 17:00:00,0.00000306,0.00000336,0.00000305,0.00000330,2757217.00000000,1514311199999,8.82919064,339,1522263.00000000,4.88300173,0
2017-12-26 18:00:00,0.00000332,0.00000342,0.00000329,0.00000333,2358099.00000000,1514314799999,7.85468720,445,1025577.00000000,3.42824992,0
2017-12-26 19:00:00,0.00000335,0.00000337,0.00000322,0.00000331,2695661.00000000,1514318399999,8.88716365,388,1080870.00000000,3.57738209,0
2017-12-26 20:00:00,0.00000331,0.00000333,0.00000308,0.00000318,3953198.00000000,1514321999999,12.48511059,460,1642408.00000000,5.20368308,0
2017-12-26 21:00:00,0.00000318,0.00000322,0.00000312,0.00000321,3565567.00000000,1514325599999,11.33142347,494,1635547.00000000,5.20401387,0
2017-12-26 22:00:00,0.00000322,0.00000330,0.00000318,0.00000330,1860438.00000000,1514329199999,5.97798566,368,906833.00000000,2.92238324,0
2017-12-26 23:00:00,0.00000330,0.00000335,0.00000322,0.00000327,1611173.00000000,1514332799999,5.27641268,415,771217.00000000,2.53759543,0
2017-12-27 00:00:00,0.00000327,0.00000331,0.00000319,0.00000321,2369181.00000000,1514336399999,7.65921799,363,792565.00000000,2.57737497,0
2017-12-27 01:00:00,0.00000321,0.00000323,0.00000315,0.00000322,2621132.00000000,1514339999999,8.35317394,330,1384450.00000000,4.41855106,0
2017-12-27 02:00:00,0.00000322,0.00000323,0.00000315,0.00000323,2518406.00000000,1514343599999,8.04264292,399,1324098.00000000,4.24475782,0
2017-12-27 03:00:00,0.00000323,0.00000339,0.00000319,0.00000328,2069184.00000000,1514347199999,6.80719473,365,1309456.00000000,4.31440183,0
2017-12-27 04:00:00,0.00000327,0.00000332,0.00000315,0.00000315,3256455.00000000,1514350799999,10.42441219,421,904403.00000000,2.91567125,0
2017-12-27 05:00:00,0.00000321,0.00000326,0.00000315,0.00000325,1707937.00000000,1514354399999,5.46816901,330,920117.00000000,2.96370942,0
2017-12-27 06:00:00,0.00000323,0.00000325,0.00000315,0.00000322,2658295.00000000,1514357999999,8.45300280,311,1079179.00000000,3.43765307,0
2017-12-27 07:00:00,0.00000320,0.00000328,0.00000315,0.00000322,2346687.00000000,1514361599999,7.54396810,367,1122028.00000000,3.62022007,0
2017-12-27 08:00:00,0.00000322,0.00000322,0.00000315,0.00000316,1693506.00000000,1514365199999,5.38197563,373,541928.00000000,1.73581945,0
2017-12-27 09:00:00,0.00000316,0.00000327,0.00000315,0.00000320,2457284.00000000,1514368799999,7.79199259,326,770649.00000000,2.45813786,0
2017-12-27 10:00:00,0.00000320,0.00000328,0.00000315,0.00000319,2181002.00000000,1514372399999,6.96708465,359,929981.00000000,2.99270852,0
2017-12-27 11:00:00,0.00000318,0.00000328,0.00000315,0.00000325,2377872.00000000,1514375999999,7.60586885,368,1188434.00000000,3.81008868,0
2017-12-27 12:00:00,0.00000323,0.00000330,0.00000318,0.00000325,1507838.00000000,1514379599999,4.91957378,313,785866.00000000,2.57322288,0
2017-12-27 13:00:00,0.00000325,0.00000337,0.00000320,0.00000320,2674784.00000000,1514383199999,8.80347423,408,1502081.00000000,4.96206755,0
2017-12-27 14:00:00,0.00000326,0.00000332,0.00000319,0.00000325,2699621.00000000,1514386799999,8.75351511,712,985759.00000000,3.21124073,0
2017-12-27 15:00:00,0.00000324,0.00000339,0.00000322,0.00000335,2039856.00000000,1514390399999,6.76458176,427,1213641.00000000,4.03497218,0
2017-12-27 16:00:00,0.00000336,0.00000360,0.00000332,0.00000352,7564819.00000000,1514393999999,26.20264496,879,4220546.00000000,14.60479944,0
2017-12-27 17:00:00,0.00000353,0.00000365,0.00000344,0.00000356,4955102.00000000,1514397599999,17.63245066,786,2563326.00000000,9.15653361,0
2017-12-27 18:00:00,0.00000356,0.00000357,0.00000345,0.00000347,2194264.00000000,1514401199999,7.70394429,380,895140.00000000,3.14845771,0
2017-12-27 19:00:00,0.00000347,0.00000363,0.00000336,0.00000340,4195087.00000000,1514404799999,14.50346669,591,1714059.00000000,5.99565396,0
2017-12-27 20:00:00,0.00000341,0.00000353,0.00000334,0.00000349,2247510.00000000,1514408399999,7.66066833,596,1114333.00000000,3.81359492,0
2017-12-27 21:00:00,0.00000350,0.00000360,0.00000339,0.00000348,2699077.00000000,1514411999999,9.38047337,790,1062372.00000000,3.69341330,0
2017-12-27 22:00:00,0.00000349,0.00000354,0.00000339,0.00000339,3672813.00000000,1514415599999,12.61358694,544,1156176.00000000,3.98140820,0
2017-12-27 23:00:00,0.00000339,0.00000346,0.00000337,0.00000344,3126133.00000000,1514419199999,10.62861539,478,944843.00000000,3.21657986,0
2017-12-28 00:00:00,0.00000343,0.00000370,0.00000341,0.00000363,5754822.00000000,1514422799999,20.70525325,752,3637065.00000000,13.13095334,0
2017-12-28 01:00:00,0.00000363,0.00000363,0.00000344,0.00000347,2961637.00000000,1514426399999,10.54424661,475,1509677.00000000,5.39554405,0
2017-12-28 02:00:00,0.00000347,0.00000350,0.00000330,0.00000333,4974138.00000000,1514429999999,16.84043518,965,1789770.00000000,6.09173726,0
2017-12-28 03:00:00,0.00000334,0.00000347,0.00000325,0.00000342,3254653.00000000,1514433599999,10.79313950,435,1229198.00000000,4.10745829,0
2017-12-28 04:00:00,0.00000341,0.00000345,0.00000337,0.00000339,1546982.00000000,1514437199999,5.27505152,274,866455.00000000,2.95821496,0
2017-12-28 05:00:00,0.00000339,0.00000345,0.00000335,0.00000336,1247632.00000000,1514440799999,4.23940398,301,581115.00000000,1.97727509,0
2017-12-28 06:00:00,0.00000336,0.00000339,0.00000330,0.00000331,922308.00000000,1514444399999,3.09609522,261,366799.00000000,1.23790904,0
2017-12-28 07:00:00,0.00000331,0.00000339,0.00000321,0.00000324,1998870.00000000,1514447999999,6.62516320,462,684109.00000000,2.28691747,0
2017-12-28 08:00:00,0.00000323,0.00000335,0.00000321,0.00000330,1686335.00000000,1514451599999,5.53008729,509,804688.00000000,2.65302062,0
2017-12-28 09:00:00,0.00000330,0.00000333,0.00000323,0.00000324,1508670.00000000,1514455199999,4.96003609,316,641508.00000000,2.11917513,0
2017-12-28 10:00:00,0.00000324,0.00000329,0.00000320,0.00000325,2346059.00000000,1514458799999,7.60232264,619,892682.00000000,2.90163538,0
2017-12-28 11:00:00,0.00000327,0.00000339,0.00000322,0.00000329,2454903.00000000,1514462399999,8.08439796,506,1569690.00000000,5.20012381,0
2017-12-28 12:00:00,0.00000329,0.00000334,0.00000325,0.00000333,916016.00000000,1514465999999,3.00637079,205,527404.00000000,1.73408734,0
2017-12-28 13:00:00,0.00000328,0.00000344,0.00000328,0.00000341,3280822.00000000,1514469599999,11.09661861,420,2148333.00000000,7.27002372,0
2017-12-28 14:00:00,0.00000343,0.00000357,0.00000339,0.00000342,3280906.00000000,1514473199999,11.42091085,548,1838356.00000000,6.41813070,0
2017-12-28 15:00:00,0.00000341,0.00000345,0.00000331,0.00000340,1761595.00000000,1514476799999,5.94902032,377,448547.00000000,1.52568112,0
2017-12-28 16:00:00,0.00000340,0.00000350,0.00000335,0.00000347,2131795.00000000,1514480399999,7.33268313,447,1157341.00000000,3.99222019,0
2017-12-28 17:00:00,0.00000349,0.00000361,0.00000343,0.00000348,3656123.00000000,1514483999999,12.92012315,597,1859271.00000000,6.58622174,0
2017-12-28 18:00:00,0.00000350,0.00000359,0.00000340,0.00000358,2934994.00000000,1514487599999,10.35917480,458,1561840.00000000,5.54564049,0
2017-12-28 19:00:00,0.00000358,0.00000367,0.00000351,0.00000361,4018109.00000000,1514491199999,14.51280009,433,2540332.00000000,9.19217475,0
2017-12-28 20:00:00,0.00000362,0.00000375,0.00000356,0.00000374,2488060.00000000,1514494799999,9.09368062,470,1520211.00000000,5.57655175,0
2017-12-28 21:00:00,0.00000372,0.00000374,0.00000363,0.00000368,3001831.00000000,1514498399999,11.05049544,510,1422022.00000000,5.23392683,0
2017-12-28 22:00:00,0.00000368,0.00000375,0.00000355,0.00000371,3474900.00000000,1514501999999,12.75243117,563,1723893.00000000,6.36725176,0
2017-12-28 23:00:00,0.00000371,0.00000375,0.00000366,0.00000366,2974041.00000000,1514505599999,11.05154417,525,1567380.00000000,5.84069529,0
2017-12-29 00:00:00,0.00000366,0.00000372,0.00000357,0.00000368,3651997.00000000,1514509199999,13.32643741,522,2149535.00000000,7.87643582,0
2017-12-29 01:00:00,0.00000366,0.00000373,0.00000356,0.00000372,3492104.00000000,1514512799999,12.67022095,602,1807541.00000000,6.57616763,0
2017-12-29 02:00:00,0.00000371,0.00000372,0.00000346,0.00000352,4031729.00000000,1514516399999,14.38871016,597,1300281.00000000,4.65425144,0
2017-12-29 03:00:00,0.00000352,0.00000362,0.00000347,0.00000362,3011448.00000000,1514519999999,10.74696877,437,1438732.00000000,5.14602398,0
2017-12-29 04:00:00,0.00000362,0.00000365,0.00000350,0.00000364,2481647.00000000,1514523599999,8.86746425,450,1057242.00000000,3.78991779,0
2017-12-29 05:00:00,0.00000365,0.00000394,0.00000364,0.00000393,8529821.00000000,1514527199999,32.36022537,1029,5000362.00000000,19.02046173,0
2017-12-29 06:00:00,0.00000393,0.00000395,0.00000368,0.00000376,3830141.00000000,1514530799999,14.54377089,604,1783413.00000000,6.80117714,0
2017-12-29 07:00:00,0.00000376,0.00000383,0.00000366,0.00000382,3589664.00000000,1514534399999,13.38041306,583,1452432.00000000,5.42401831,0
2017-12-29 08:00:00,0.00000379,0.00000394,0.00000375,0.00000376,5511326.00000000,1514537999999,21.19125667,716,3036306.00000000,11.69881304,0
2017-12-29 09:00:00,0.00000375,0.00000380,0.00000366,0.00000368,2978598.00000000,1514541599999,11.12296251,491,1300809.00000000,4.87485579,0
2017-12-29 10:00:00,0.00000368,0.00000388,0.00000366,0.00000373,4489624.00000000,1514545199999,16.94894137,646,2280420.00000000,8.66354287,0
2017-12-29 11:00:00,0.00000374,0.00000388,0.00000373,0.00000383,3786456.00000000,1514548799999,14.42609757,573,1946794.00000000,7.43046301,0
2017-12-29 12:00:00,0.00000382,0.00000398,0.00000379,0.00000395,6537043.00000000,1514552399999,25.50899068,854,4425782.00000000,17.28022691,0
2017-12-29 13:00:00,0.00000395,0.00000429,0.00000389,0.00000424,14884104.00000000,1514555999999,61.27445331,1651,9232880.00000000,38.03907239,0
2017-12-29 14:00:00,0.00000424,0.00000460,0.00000412,0.00000443,21513568.00000000,1514559599999,94.50902372,2555,12819887.00000000,56.51465830,0
2017-12-29 15:00:00,0.00000442,0.00000460,0.00000427,0.00000446,16522369.00000000,1514563199999,72.50399654,1938,7013539.00000000,30.70260999,0
2017-12-29 16:00:00,0.00000448,0.00000537,0.00000439,0.00000507,41182803.00000000,1514566799999,205.54458225,4871,22334738.00000000,111.21724076,0
2017-12-29 17:00:00,0.00000504,0.00000528,0.00000491,0.00000497,18102593.00000000,1514570399999,92.30915192,2604,9765646.00000000,49.83813555,0
2017-12-29 18:00:00,0.00000500,0.00000510,0.00000449,0.00000466,18893982.00000000,1514573999999,90.47442658,3067,8707237.00000000,41.83187385,0
2017-12-29 19:00:00,0.00000465,0.00000490,0.00000450,0.00000480,10577684.00000000,1514577599999,50.12767455,1916,5525308.00000000,26.30202752,0
2017-12-29 20:00:00,0.00000479,0.00000508,0.00000450,0.00000475,12244489.00000000,1514581199999,59.21359965,1636,4803775.00000000,23.46419502,0
2017-12-29 21:00:00,0.00000474,0.00000495,0.00000451,0.00000491,7463430.00000000,1514584799999,35.23706919,1384,3680718.00000000,17.47407377,0
2017-12-29 22:00:00,0.00000489,0.00000491,0.00000468,0.00000484,4835778.00000000,1514588399999,23.18433722,952,2252971.00000000,10.84981046,0
2017-12-29 23:00:00,0.00000484,0.00000524,0.00000478,0.00000503,9950174.00000000,1514591999999,49.84814474,1707,5501125.00000000,27.61470388,0
2017-12-30 00:00:00,0.00000504,0.00000570,0.00000501,0.00000523,30139530.00000000,1514595599999,162.94284959,3905,16506089.00000000,89.45509075,0
2017-12-30 01:00:00,0.00000523,0.00000529,0.00000460,0.00000475,15756574.00000000,1514599199999,77.26774669,2050,5188804.00000000,25.51762933,0
2017-12-30 02:00:00,0.00000475,0.00000477,0.00000422,0.00000468,14227733.00000000,1514602799999,64.38066775,1807,5207401.00000000,23.66611726,0
2017-12-30 03:00:00,0.00000467,0.00000480,0.00000447,0.00000473,6525467.00000000,1514606399999,30.48187219,1198,3228540.00000000,15.11937006,0
2017-12-30 04:00:00,0.00000473,0.00000534,0.00000471,0.00000521,17256120.00000000,1514609999999,86.81788801,2074,9546013.00000000,48.38295324,0
2017-12-30 05:00:00,0.00000520,0.00000520,0.00000494,0.00000494,6843245.00000000,1514613599999,34.50413687,1206,3014376.00000000,15.21915615,0
2017-12-30 06:00:00,0.00000494,0.00000517,0.00000480,0.00000507,7199817.00000000,1514617199999,35.88906884,1164,3200523.00000000,16.02782140,0
2017-12-30 07:00:00,0.00000508,0.00000529,0.00000492,0.00000527,14008800.00000000,1514620799999,71.03655145,1211,7974174.00000000,40.58081187,0
2017-12-30 08:00:00,0.00000527,0.00000533,0.00000510,0.00000524,8756108.00000000,1514624399999,45.93671498,1316,3718834.00000000,19.55443818,0
2017-12-30 09:00:00,0.00000522,0.00000623,0.00000510,0.00000604,27657354.00000000,1514627999999,160.23388535,3446,18141724.00000000,105.59610420,0
2017-12-30 10:00:00,0.00000602,0.00000602,0.00000522,0.00000542,18056877.00000000,1514631599999,101.07152473,2696,5748361.00000000,32.37576343,0
2017-12-30 11:00:00,0.00000542,0.00000567,0.00000515,0.00000521,9372671.00000000,1514635199999,50.40840230,1873,5030772.00000000,27.15131938,0
2017-12-30 12:00:00,0.00000521,0.00000528,0.00000488,0.00000513,10901960.00000000,1514638799999,55.13090414,1855,3715161.00000000,18.92388716,0
2017-12-30 13:00:00,0.00000515,0.00000568,0.00000505,0.00000539,19076427.00000000,1514642399999,102.09795640,2757,9795750.00000000,52.32774023,0
2017-12-30 14:00:00,0.00000539,0.00000545,0.00000499,0.00000526,13331389.00000000,1514645999999,68.78510323,2118,5437695.00000000,28.21862994,0
2017-12-30 15:00:00,0.00000527,0.00000547,0.00000509,0.00000526,8251407.00000000,1514649599999,43.58426133,1458,4105516.00000000,21.69805450,0
2017-12-30 16:00:00,0.00000526,0.00000550,0.00000512,0.00000516,8328068.00000000,1514653199999,44.34069380,1336,4312864.00000000,22.96212523,0
2017-12-30 17:00:00,0.00000516,0.00000532,0.00000515,0.00000527,6338117.00000000,1514656799999,33.11765346,1302,3355459.00000000,17.55535724,0
2017-12-30 18:00:00,0.00000527,0.00000680,0.00000521,0.00000622,46854827.00000000,1514660399999,290.52079501,5665,26186985.00000000,162.69732930,0
2017-12-30 19:00:00,0.00000620,0.00000676,0.00000580,0.00000609,22333629.00000000,1514663999999,139.21018907,3701,10718417.00000000,67.01303461,0
2017-12-30 20:00:00,0.00000609,0.00000639,0.00000584,0.00000586,13286195.00000000,1514667599999,81.03549040,2480,6781154.00000000,41.52410479,0
2017-12-30 21:00:00,0.00000587,0.00000660,0.00000586,0.00000650,10946359.00000000,1514671199999,67.93040251,2187,6650259.00000000,41.36328407,0
2017-12-30 22:00:00,0.00000656,0.00000718,0.00000645,0.00000700,25533773.00000000,1514674799999,175.25936876,4055,13523557.00000000,93.11833811,0
2017-12-30 23:00:00,0.00000700,0.00000714,0.00000665,0.00000712,16760547.00000000,1514678399999,115.85655486,2560,9136393.00000000,63.24867632,0
2017-12-31 00:00:00,0.00000712,0.00000713,0.00000637,0.00000640,16692506.00000000,1514681999999,111.53154437,2667,5499957.00000000,36.80646724,0
2017-12-31 01:00:00,0.00000641,0.00000663,0.00000615,0.00000656,13052009.00000000,1514685599999,83.63970102,2533,6776490.00000000,43.51307143,0
2017-12-31 02:00:00,0.00000656,0.00000689,0.00000624,0.00000630,12445331.00000000,1514689199999,82.12448940,2402,5951228.00000000,39.37785857,0
2017-12-31 03:00:00,0.00000626,0.00000668,0.00000606,0.00000625,11783240.00000000,1514692799999,73.45895787,1966,4388359.00000000,27.58703165,0
2017-12-31 04:00:00,0.00000625,0.00000634,0.00000605,0.00000618,5251752.00000000,1514696399999,32.23586077,1336,2351428.00000000,14.46280427,0
2017-12-31 05:00:00,0.00000618,0.00000620,0.00000600,0.00000609,6569937.00000000,1514699999999,39.93734380,1390,2832632.00000000,17.27112445,0
2017-12-31 06:00:00,0.00000609,0.00000652,0.00000591,0.00000628,9420810.00000000,1514703599999,58.26783383,1851,4394463.00000000,27.17170463,0
2017-12-31 07:00:00,0.00000626,0.00000645,0.00000615,0.00000628,6367098.00000000,1514707199999,39.89263668,1149,3340056.00000000,20.86818193,0
2017-12-31 08:00:00,0.00000625,0.00000628,0.00000604,0.00000616,4044203.00000000,1514710799999,24.97216050,1012,1981893.00000000,12.25249921,0
2017-12-31 09:00:00,0.00000617,0.00000640,0.00000609,0.00000633,4374115.00000000,1514714399999,27.20546076,1319,1627814.00000000,10.15168598,0
2017-12-31 10:00:00,0.00000635,0.00000685,0.00000630,0.00000670,8490889.00000000,1514717999999,55.69571641,1629,5025682.00000000,33.05733614,0
2017-12-31 11:00:00,0.00000670,0.00000680,0.00000637,0.00000680,6184685.00000000,1514721599999,40.85023681,1446,2694509.00000000,17.87178050,0
2017-12-31 12:00:00,0.00000681,0.00000685,0.00000648,0.00000668,5863892.00000000,1514725199999,39.09206515,1407,2784404.00000000,18.58010097,0
2017-12-31 13:00:00,0.00000668,0.00000670,0.00000642,0.00000659,6809602.00000000,1514728799999,44.62275856,1507,2668405.00000000,17.53745325,0
2017-12-31 14:00:00,0.00000659,0.00000684,0.00000648,0.00000665,7242960.00000000,1514732399999,48.21004361,1565,3723908.00000000,24.82387119,0
2017-12-31 15:00:00,0.00000666,0.00000697,0.00000659,0.00000697,5509465.00000000,1514735999999,37.33830389,1374,3109291.00000000,21.11160092,0
2017-12-31 16:00:00,0.00000697,0.00000700,0.00000616,0.00000655,10740506.00000000,1514739599999,70.36905637,2215,3761900.00000000,24.59468175,0
2017-12-31 17:00:00,0.00000655,0.00000655,0.00000613,0.00000626,5489643.00000000,1514743199999,34.87618210,1604,2584269.00000000,16.46068439,0
2017-12-31 18:00:00,0.00000626,0.00000627,0.00000606,0.00000621,6199829.00000000,1514746799999,38.19989626,1623,3140343.00000000,19.37308233,0
2017-12-31 19:00:00,0.00000621,0.00000660,0.00000616,0.00000655,6789911.00000000,1514750399999,43.60339363,1774,3470789.00000000,22.27881693,0
2017-12-31 20:00:00,0.00000654,0.00000677,0.00000619,0.00000637,4449411.00000000,1514753999999,28.86998830,1197,2578195.00000000,16.86303699,0
2017-12-31 21:00:00,0.00000641,0.00000647,0.00000617,0.00000631,3373807.00000000,1514757599999,21.35983636,964,1323300.00000000,8.42164250,0
2017-12-31 22:00:00,0.00000632,0.00000639,0.00000617,0.00000630,2595689.00000000,1514761199999,16.27977089,941,1325826.00000000,8.32040607,0
2017-12-31 23:00:00,0.00000631,0.00000635,0.00000613,0.00000635,4342332.00000000,1514764799999,27.06425885,1091,1686254.00000000,10.53102776,0
2018-01-01 00:00:00,0.00000636,0.00000642,0.00000604,0.00000618,5028775.00000000,1514768399999,31.05412991,1167,2155881.00000000,13.33761235,0
