Date,Open,High,Low,Close,Volume
2017-12-15 06:00:00,0.00000255,0.00000570,0.00000255,0.00000303,8463543.00000000,1513321199999,26.90213827,473,3917666.00000000,12.77652796,108314857.68090000
2017-12-15 07:00:00,0.00000300,0.00000578,0.00000280,0.00000400,28611608.00000000,1513324799999,110.04738866,1947,12488063.00000000,49.43451090,137144075.80907774
2017-12-15 08:00:00,0.00000400,0.00000430,0.00000340,0.00000345,21553758.00000000,1513328399999,83.14757210,1915,5891117.00000000,22.96659261,149668280.17905774
2017-12-15 09:00:00,0.00000345,0.00000370,0.00000310,0.00000310,9056580.00000000,1513331999999,30.90533621,564,2150348.00000000,7.33356047,162999848.63625671
2017-12-15 10:00:00,0.00000310,0.00000350,0.00000291,0.00000315,4850441.00000000,1513335599999,15.28368623,380,1490109.00000000,4.72262363,164711140.81625671
2017-12-15 11:00:00,0.00000315,0.00000344,0.00000305,0.00000309,3546354.00000000,1513339199999,11.47431238,259,1588095.00000000,5.15707658,167964154.11125671
2017-12-15 12:00:00,0.00000311,0.00000330,0.00000300,0.00000330,3414194.00000000,1513342799999,10.80757812,243,2163763.00000000,6.89414859,169309462.99971226
2017-12-15 13:00:00,0.00000330,0.00000415,0.00000328,0.00000355,15519704.00000000,1513346399999,57.67769761,903,6731231.00000000,25.20217315,178224275.19071226
2017-12-15 14:00:00,0.00000356,0.00000399,0.00000355,0.00000377,9853615.00000000,1513349999999,36.81750070,908,4636974.00000000,17.34355179,182124196.23012536
2017-12-15 15:00:00,0.00000377,0.00000422,0.00000374,0.00000401,20449898.00000000,1513353599999,82.54112734,1498,8852165.00000000,35.73299354,184646008.43509411
2017-12-15 16:00:00,0.00000407,0.00000550,0.00000385,0.00000510,34136875.00000000,1513357199999,159.02923191,2631,17901972.00000000,83.31283737,188816268.05866874
2017-12-15 17:00:00,0.00000510,0.00000528,0.00000444,0.00000477,15797061.00000000,1513360799999,76.89001437,1743,6290432.00000000,30.96377655,210712211.29360128
2017-12-15 18:00:00,0.00000477,0.00000477,0.00000417,0.00000450,7643158.00000000,1513364399999,34.29415107,958,3091780.00000000,13.86428483,216622052.67875658
2017-12-15 19:00:00,0.00000449,0.00000455,0.00000403,0.00000439,3781911.00000000,1513367999999,16.30759461,693,1580955.00000000,6.87480443,219236070.56275658
2017-12-15 20:00:00,0.00000433,0.00000450,0.00000415,0.00000435,1742793.00000000,1513371599999,7.59988190,476,980474.00000000,4.29749090,220401171.07824481
2017-12-15 21:00:00,0.00000437,0.00000499,0.00000433,0.00000491,5145706.00000000,1513375199999,24.32654023,977,2802973.00000000,13.24131869,221730362.57624481
2017-12-15 22:00:00,0.00000491,0.00000493,0.00000440,0.00000470,4750584.00000000,1513378799999,22.33315112,901,1678204.00000000,7.88256785,223171197.75824481
2017-12-15 23:00:00,0.00000469,0.00000565,0.00000461,0.00000554,17913351.00000000,1513382399999,93.40459858,2134,9305655.00000000,48.58546270,225851676.08824481
2017-12-16 00:00:00,0.00000555,0.00000665,0.00000515,0.00000550,40318786.00000000,1513385999999,238.02504084,5172,19832784.00000000,117.35315087,239310003.22578826
2017-12-16 01:00:00,0.00000550,0.00000587,0.00000499,0.00000524,21436166.00000000,1513389599999,115.86737864,2532,9089968.00000000,49.18465502,247560724.66088117
2017-12-16 02:00:00,0.00000520,0.00000526,0.00000455,0.00000500,16612414.00000000,1513393199999,80.61307261,2120,7101687.00000000,34.41479579,257137456.03288117
2017-12-16 03:00:00,0.00000500,0.00000540,0.00000491,0.00000531,9036764.00000000,1513396799999,47.17081356,1456,4608251.00000000,24.07043904,260333075.47140748
2017-12-16 04:00:00,0.00000529,0.00000588,0.00000517,0.00000533,21020990.00000000,1513400399999,115.80044471,2354,10235692.00000000,56.67598919,265346881.39237585
2017-12-16 05:00:00,0.00000534,0.00000538,0.00000496,0.00000520,10762808.00000000,1513403999999,55.50860738,1444,5335811.00000000,27.55055127,271144704.71009271
2017-12-16 06:00:00,0.00000519,0.00000525,0.00000476,0.00000491,8573351.00000000,1513407599999,43.10011635,1220,3602803.00000000,17.99735837,273452625.15617989
2017-12-16 07:00:00,0.00000492,0.00000495,0.00000451,0.00000473,11632328.00000000,1513411199999,54.13056442,985,5793167.00000000,26.96514467,282058541.79921882
2017-12-16 08:00:00,0.00000473,0.00000500,0.00000459,0.00000490,6562817.00000000,1513414799999,31.43424359,756,3295984.00000000,15.83325510,290433963.78521882
2017-12-16 09:00:00,0.00000490,0.00000495,0.00000456,0.00000458,6918922.00000000,1513418399999,32.51189954,715,2560180.00000000,12.03320383,291461214.67521882
2017-12-16 10:00:00,0.00000459,0.00000478,0.00000440,0.00000475,8650950.00000000,1513421999999,39.70026877,698,3973703.00000000,18.36132375,294580835.62824838
2017-12-16 11:00:00,0.00000477,0.00000480,0.00000440,0.00000450,6287990.00000000,1513425599999,28.87657509,587,2840987.00000000,13.04962996,295116754.49874838
2017-12-16 12:00:00,0.00000450,0.00000509,0.00000450,0.00000496,6606846.00000000,1513429199999,31.98909984,815,3630295.00000000,17.57099301,295721843.56284838
2017-12-16 13:00:00,0.00000491,0.00000500,0.00000431,0.00000457,9769782.00000000,1513432799999,44.85168461,912,4288364.00000000,19.75062868,296182324.05284838
2017-12-16 14:00:00,0.00000457,0.00000460,0.00000421,0.00000427,5260306.00000000,1513436399999,23.07974164,588,2116298.00000000,9.25023219,297566322.72584838
2017-12-16 15:00:00,0.00000427,0.00000447,0.00000420,0.00000425,4929901.00000000,1513439999999,21.45048047,586,2208283.00000000,9.64157760,298119814.80784838
2017-12-16 16:00:00,0.00000425,0.00000450,0.00000406,0.00000435,4164247.00000000,1513443599999,18.02215925,515,1976808.00000000,8.56914824,303536282.63184838
2017-12-16 17:00:00,0.00000435,0.00000445,0.00000425,0.00000427,2910540.00000000,1513447199999,12.68596923,412,1231564.00000000,5.38689107,303574906.73184838
2017-12-16 18:00:00,0.00000426,0.00000435,0.00000413,0.00000427,3468389.00000000,1513450799999,14.65997075,429,1748101.00000000,7.36084601,303619702.73184838
2017-12-16 19:00:00,0.00000427,0.00000431,0.00000380,0.00000429,3124360.00000000,1513454399999,12.76654539,484,621242.00000000,2.56614113,303854369.55384838
2017-12-16 20:00:00,0.00000430,0.00000440,0.00000370,0.00000402,1225070.00000000,1513457999999,5.06757227,345,383666.00000000,1.61241639,303854369.55384838
2017-12-16 21:00:00,0.00000403,0.00000456,0.00000389,0.00000403,1710794.00000000,1513461599999,7.04677191,366,879881.00000000,3.64986280,303854369.55384838
2017-12-16 22:00:00,0.00000401,0.00000436,0.00000400,0.00000410,1919812.00000000,1513465199999,7.95833825,309,760875.00000000,3.12641823,303854369.55384838
2017-12-16 23:00:00,0.00000412,0.00000424,0.00000370,0.00000403,3456010.00000000,1513468799999,13.74124555,469,1173903.00000000,4.72806608,303854369.55384838
2017-12-17 00:00:00,0.00000403,0.00000455,0.00000403,0.00000430,5336864.00000000,1513472399999,23.13555505,680,3010589.00000000,13.08336110,305077923.70184838
2017-12-17 01:00:00,0.00000426,0.00000473,0.00000422,0.00000459,5910881.00000000,1513475999999,26.53799447,740,3389315.00000000,15.25204697,305148569.18614838
2017-12-17 02:00:00,0.00000458,0.00000469,0.00000444,0.00000451,3724640.00000000,1513479599999,16.99308813,478,1754642.00000000,8.00101192,305148569.18614838
2017-12-17 03:00:00,0.00000451,0.00000451,0.00000420,0.00000439,5409838.00000000,1513483199999,23.58165235,517,2245894.00000000,9.82353446,305339747.82814838
2017-12-17 04:00:00,0.00000437,0.00000442,0.00000428,0.00000437,3250435.00000000,1513486799999,14.04674879,382,1724522.00000000,7.44533177,309426101.24049054
2017-12-17 05:00:00,0.00000435,0.00000439,0.00000425,0.00000430,2628731.00000000,1513490399999,11.34341746,336,1254864.00000000,5.42664101,310927019.30049054
2017-12-17 06:00:00,0.00000430,0.00000441,0.00000400,0.00000418,4856721.00000000,1513493999999,20.49134891,502,1637508.00000000,6.96739146,311467072.56399054
2017-12-17 07:00:00,0.00000419,0.00000422,0.00000395,0.00000419,2969404.00000000,1513497599999,12.20271296,274,1227159.00000000,5.07186273,311589302.56399054
2017-12-17 08:00:00,0.00000413,0.00000480,0.00000413,0.00000469,5090698.00000000,1513501199999,22.70165733,555,2923385.00000000,13.04747373,311999406.39799054
2017-12-17 09:00:00,0.00000469,0.00000470,0.00000431,0.00000448,3398146.00000000,1513504799999,15.25460031,305,997121.00000000,4.47525542,312628994.95625582
2017-12-17 10:00:00,0.00000448,0.00000449,0.00000429,0.00000431,1245003.00000000,1513508399999,5.46567724,212,687574.00000000,3.03684220,312685226.35279305
2017-12-17 11:00:00,0.00000430,0.00000450,0.00000423,0.00000441,2462934.00000000,1513511999999,10.72961498,218,1698881.00000000,7.43835917,313639383.28371178
2017-12-17 12:00:00,0.00000441,0.00000450,0.00000411,0.00000426,2643069.00000000,1513515599999,11.50893543,357,1108066.00000000,4.85653050,314669160.40905700
2017-12-17 13:00:00,0.00000427,0.00000440,0.00000408,0.00000431,3522990.00000000,1513519199999,15.09172053,335,1633135.00000000,7.02914666,314724173.40905700
2017-12-17 14:00:00,0.00000431,0.00000517,0.00000428,0.00000507,12453789.00000000,1513522799999,60.32201003,1327,5431267.00000000,26.10905191,315499429.51905700
2017-12-17 15:00:00,0.00000507,0.00000564,0.00000495,0.00000514,13758965.00000000,1513526399999,72.53130484,1444,7316003.00000000,38.80538821,317187542.57275980
2017-12-17 16:00:00,0.00000514,0.00000527,0.00000504,0.00000519,4007361.00000000,1513529999999,20.55994834,481,2350074.00000000,12.08803383,317634660.42644480
2017-12-17 17:00:00,0.00000519,0.00000533,0.00000512,0.00000515,2850718.00000000,1513533599999,14.86593913,347,1531798.00000000,8.01778514,317724411.12644480
2017-12-17 18:00:00,0.00000515,0.00000529,0.00000507,0.00000522,1646856.00000000,1513537199999,8.50445555,226,963597.00000000,5.00299781,317999443.48844480
2017-12-17 19:00:00,0.00000520,0.00000534,0.00000519,0.00000532,1104265.00000000,1513540799999,5.83139860,179,535671.00000000,2.83548326,319402999.56562379
2017-12-17 20:00:00,0.00000532,0.00000534,0.00000515,0.00000518,1016154.00000000,1513544399999,5.31204118,205,640237.00000000,3.35101916,319817808.69562379
2017-12-17 21:00:00,0.00000518,0.00000565,0.00000518,0.00000549,1614946.00000000,1513547999999,8.74746333,352,737830.00000000,4.00448652,319987356.70762379
2017-12-17 22:00:00,0.00000549,0.00000598,0.00000549,0.00000591,5879603.00000000,1513551599999,33.86024875,870,1416450.00000000,8.19336742,320860677.70762379
2017-12-17 23:00:00,0.00000596,0.00000599,0.00000552,0.00000570,4306955.00000000,1513555199999,24.65547276,537,965785.00000000,5.52845819,321310874.93515658
2017-12-18 00:00:00,0.00000573,0.00000596,0.00000516,0.00000518,3551788.00000000,1513558799999,19.63489827,505,1145515.00000000,6.29785067,322661915.07362953
2017-12-18 01:00:00,0.00000516,0.00000518,0.00000481,0.00000503,6038749.00000000,1513562399999,30.40511563,537,2548990.00000000,12.84316804,324625555.21162953
2017-12-18 02:00:00,0.00000497,0.00000539,0.00000491,0.00000525,3391608.00000000,1513565999999,17.53584481,418,1369457.00000000,7.09184182,327786319.00962953
2017-12-18 03:00:00,0.00000525,0.00000531,0.00000500,0.00000520,2852943.00000000,1513569599999,14.78437823,298,1377495.00000000,7.15148830,330449786.52810484
2017-12-18 04:00:00,0.00000518,0.00000539,0.00000510,0.00000536,2696225.00000000,1513573199999,14.17374406,374,1431649.00000000,7.53645709,330761274.11983712
2017-12-18 05:00:00,0.00000532,0.00000580,0.00000528,0.00000554,7984656.00000000,1513576799999,44.77710975,839,2384008.00000000,13.43326554,333822275.17657059
2017-12-18 06:00:00,0.00000554,0.00000561,0.00000527,0.00000545,3643065.00000000,1513580399999,19.81035824,462,1844559.00000000,9.98203908,337424370.27823712
2017-12-18 07:00:00,0.00000545,0.00000550,0.00000532,0.00000540,1745704.00000000,1513583999999,9.47524313,222,710174.00000000,3.85250971,337495351.38881903
2017-12-18 08:00:00,0.00000543,0.00000561,0.00000526,0.00000542,3121653.00000000,1513587599999,16.94706211,374,1068488.00000000,5.83591783,338474265.29232331
2017-12-18 09:00:00,0.00000542,0.00000548,0.00000519,0.00000539,3164965.00000000,1513591199999,16.88220194,345,797471.00000000,4.26724353,338886188.62877032
2017-12-18 10:00:00,0.00000539,0.00000539,0.00000511,0.00000518,2007047.00000000,1513594799999,10.54434314,276,690239.00000000,3.61711825,339372972.62877032
2017-12-18 11:00:00,0.00000518,0.00000536,0.00000509,0.00000513,1827984.00000000,1513598399999,9.49386519,281,492625.00000000,2.58030370,341237324.98277032
2017-12-18 12:00:00,0.00000509,0.00000512,0.00000498,0.00000498,1403948.00000000,1513600155416,7.03809095,192,173971.00000000,0.87768992,341672771.20277032
2017-12-18 13:00:00,0.00000498,0.00000507,0.00000480,0.00000484,2082846.00000000,1513605599999,10.15713725,240,608576.00000000,2.97986301,0
2017-12-18 14:00:00,0.00000487,0.00000508,0.00000476,0.00000495,3843840.00000000,1513609199999,18.76702936,578,1846550.00000000,9.03036214,0
2017-12-18 15:00:00,0.00000495,0.00000498,0.00000461,0.00000479,3900191.00000000,1513612799999,18.78217113,545,1741556.00000000,8.38586100,0
2017-12-18 16:00:00,0.00000479,0.00000530,0.00000478,0.00000519,3030441.00000000,1513616399999,14.99668236,553,1495405.00000000,7.38775058,0
2017-12-18 17:00:00,0.00000519,0.00000534,0.00000512,0.00000519,1236741.00000000,1513619999999,6.51207574,250,418022.00000000,2.20672359,0
2017-12-18 18:00:00,0.00000519,0.00000525,0.00000500,0.00000509,1331638.00000000,1513623599999,6.80972626,205,992073.00000000,5.06616125,0
2017-12-18 19:00:00,0.00000509,0.00000525,0.00000502,0.00000522,666216.00000000,1513627199999,3.39866171,187,369737.00000000,1.89113816,0
2017-12-18 20:00:00,0.00000523,0.00000539,0.00000501,0.00000522,2069254.00000000,1513630799999,10.80533068,280,1051267.00000000,5.53026327,0
2017-12-18 21:00:00,0.00000523,0.00000540,0.00000523,0.00000534,733479.00000000,1513634399999,3.90298268,208,509128.00000000,2.70890062,0
2017-12-18 22:00:00,0.00000534,0.00000540,0.00000511,0.00000523,1640294.00000000,1513637999999,8.70190552,288,241846.00000000,1.28767027,0
2017-12-18 23:00:00,0.00000523,0.00000535,0.00000520,0.00000529,1645600.00000000,1513641599999,8.71840027,287,752436.00000000,4.00542236,0
2017-12-19 00:00:00,0.00000529,0.00000535,0.00000513,0.00000514,1933987.00000000,1513645199999,10.13506811,291,376622.00000000,1.97461693,0
2017-12-19 01:00:00,0.00000513,0.00000553,0.00000513,0.00000535,3337283.00000000,1513648799999,18.05291047,453,2169684.00000000,11.72165049,0
2017-12-19 02:00:00,0.00000535,0.00000555,0.00000525,0.00000531,2052775.00000000,1513652399999,11.03027127,282,842289.00000000,4.54485797,0
2017-12-19 03:00:00,0.00000531,0.00000539,0.00000514,0.00000530,2457116.00000000,1513655999999,12.92640008,421,894336.00000000,4.72526505,0
2017-12-19 04:00:00,0.00000532,0.00000561,0.00000532,0.00000560,3567791.00000000,1513659599999,19.50637224,482,1591252.00000000,8.71580379,0
2017-12-19 05:00:00,0.00000560,0.00000564,0.00000544,0.00000544,3316547.00000000,1513663199999,18.40320818,275,1109938.00000000,6.19639433,0
2017-12-19 06:00:00,0.00000545,0.00000559,0.00000540,0.00000540,3573954.00000000,1513666799999,19.61250491,300,990469.00000000,5.45388389,0
2017-12-19 07:00:00,0.00000540,0.00000550,0.00000533,0.00000539,1758264.00000000,1513670399999,9.47439255,277,817023.00000000,4.40616892,0
2017-12-19 08:00:00,0.00000539,0.00000550,0.00000530,0.00000550,2084184.00000000,1513673999999,11.26633182,267,1207606.00000000,6.54400257,0
2017-12-19 09:00:00,0.00000549,0.00000550,0.00000509,0.00000539,3647282.00000000,1513677599999,19.50619622,340,1930144.00000000,10.43124623,0
2017-12-19 10:00:00,0.00000531,0.00000531,0.00000460,0.00000496,7495950.00000000,1513681199999,37.27170148,685,1954340.00000000,9.70331831,0
2017-12-19 11:00:00,0.00000496,0.00000515,0.00000494,0.00000499,2051858.00000000,1513684799999,10.32429533,279,646860.00000000,3.25232637,0
2017-12-19 12:00:00,0.00000495,0.00000537,0.00000494,0.00000537,2943095.00000000,1513688399999,15.47617955,360,1857187.00000000,9.81803694,0
2017-12-19 13:00:00,0.00000534,0.00000539,0.00000505,0.00000525,1328919.00000000,1513691999999,7.00607627,185,384979.00000000,2.04461254,0
2017-12-19 14:00:00,0.00000525,0.00000539,0.00000508,0.00000516,2295633.00000000,1513695599999,11.90385682,259,872841.00000000,4.53939637,0
2017-12-19 15:00:00,0.00000516,0.00000519,0.00000500,0.00000519,1810808.00000000,1513699199999,9.19162200,291,703339.00000000,3.58371150,0
2017-12-19 16:00:00,0.00000519,0.00000535,0.00000510,0.00000523,1008323.00000000,1513702799999,5.23413873,246,438730.00000000,2.29756193,0
2017-12-19 17:00:00,0.00000528,0.00000545,0.00000512,0.00000521,1085723.00000000,1513706399999,5.77031506,256,370863.00000000,1.97622024,0
2017-12-19 18:00:00,0.00000524,0.00000538,0.00000515,0.00000530,531379.00000000,1513709999999,2.78607286,160,178290.00000000,0.93528967,0
2017-12-19 19:00:00,0.00000530,0.00000533,0.00000527,0.00000527,198655.00000000,1513713599999,1.05296408,90,56651.00000000,0.30101286,0
2017-12-19 20:00:00,0.00000528,0.00000535,0.00000520,0.00000524,566111.00000000,1513717199999,2.99775912,142,140467.00000000,0.74177871,0
2017-12-19 21:00:00,0.00000523,0.00000529,0.00000511,0.00000511,411441.00000000,1513720799999,2.13420676,90,83781.00000000,0.43799936,0
2017-12-19 22:00:00,0.00000511,0.00000515,0.00000505,0.00000510,1313602.00000000,1513724399999,6.66921125,185,795327.00000000,4.03938833,0
2017-12-19 23:00:00,0.00000510,0.00000529,0.00000508,0.00000513,572238.00000000,1513727999999,2.96539989,149,150765.00000000,0.78150182,0
2017-12-20 00:00:00,0.00000517,0.00000530,0.00000505,0.00000510,2419957.00000000,1513731599999,12.43425679,315,977410.00000000,5.06941101,0
2017-12-20 01:00:00,0.00000510,0.00000510,0.00000460,0.00000487,4579284.00000000,1513735199999,22.12649882,498,1296963.00000000,6.29889832,0
2017-12-20 02:00:00,0.00000486,0.00000510,0.00000471,0.00000487,1643063.00000000,1513738799999,8.05349642,293,667710.00000000,3.29764030,0
2017-12-20 03:00:00,0.00000489,0.00000530,0.00000480,0.00000519,1806840.00000000,1513742399999,9.24860854,224,467116.00000000,2.36352632,0
2017-12-20 04:00:00,0.00000519,0.00000540,0.00000508,0.00000521,1391984.00000000,1513745999999,7.29296427,174,783771.00000000,4.11526720,0
2017-12-20 05:00:00,0.00000523,0.00000536,0.00000518,0.00000526,1019833.00000000,1513749599999,5.33154457,102,308175.00000000,1.62226451,0
2017-12-20 06:00:00,0.00000528,0.00000539,0.00000500,0.00000532,1506913.00000000,1513753199999,7.75011310,228,506215.00000000,2.60900009,0
2017-12-20 07:00:00,0.00000515,0.00000534,0.00000513,0.00000522,866968.00000000,1513756799999,4.53963501,160,348120.00000000,1.82991931,0
2017-12-20 08:00:00,0.00000519,0.00000535,0.00000518,0.00000529,1497788.00000000,1513760399999,7.91819863,142,977522.00000000,5.17777847,0
2017-12-20 09:00:00,0.00000529,0.00000561,0.00000526,0.00000553,2862791.00000000,1513763999999,15.62618349,343,1719134.00000000,9.34522536,0
2017-12-20 10:00:00,0.00000548,0.00000599,0.00000512,0.00000589,5533012.00000000,1513767599999,31.15757112,520,2899850.00000000,16.60019593,0
2017-12-20 11:00:00,0.00000589,0.00000604,0.00000557,0.00000566,4279985.00000000,1513771199999,24.95162085,643,1733309.00000000,10.10807877,0
2017-12-20 12:00:00,0.00000566,0.00000586,0.00000532,0.00000552,3161150.00000000,1513774799999,17.47584374,407,1907182.00000000,10.54637682,0
2017-12-20 13:00:00,0.00000552,0.00000590,0.00000541,0.00000550,3824832.00000000,1513778399999,21.60312727,409,1799666.00000000,10.18284612,0
2017-12-20 14:00:00,0.00000551,0.00000563,0.00000545,0.00000552,2627073.00000000,1513781999999,14.42792426,266,647874.00000000,3.56292431,0
2017-12-20 15:00:00,0.00000551,0.00000574,0.00000550,0.00000568,2479633.00000000,1513785599999,13.95296713,469,1246085.00000000,7.02684389,0
2017-12-20 16:00:00,0.00000572,0.00000583,0.00000551,0.00000556,1457284.00000000,1513789199999,8.16796138,287,359055.00000000,2.02212029,0
2017-12-20 17:00:00,0.00000556,0.00000582,0.00000552,0.00000571,1388909.00000000,1513792799999,7.86751382,200,721463.00000000,4.10738532,0
2017-12-20 18:00:00,0.00000571,0.00000586,0.00000559,0.00000571,813415.00000000,1513796399999,4.67256823,151,248287.00000000,1.44760689,0
2017-12-20 19:00:00,0.00000571,0.00000577,0.00000553,0.00000560,556100.00000000,1513799999999,3.12662586,123,202232.00000000,1.13644694,0
2017-12-20 20:00:00,0.00000560,0.00000585,0.00000555,0.00000580,848816.00000000,1513803599999,4.81070093,182,549140.00000000,3.10297633,0
2017-12-20 21:00:00,0.00000580,0.00000584,0.00000557,0.00000569,564877.00000000,1513807199999,3.20119761,158,389067.00000000,2.20853307,0
2017-12-20 22:00:00,0.00000569,0.00000569,0.00000557,0.00000561,401486.00000000,1513810799999,2.25565260,106,152315.00000000,0.85855920,0
2017-12-20 23:00:00,0.00000562,0.00000572,0.00000556,0.00000560,685342.00000000,1513814399999,3.85185800,106,178042.00000000,1.00529599,0
2017-12-21 00:00:00,0.00000560,0.00000560,0.00000546,0.00000550,1458328.00000000,1513817999999,8.06204760,177,516527.00000000,2.85182868,0
2017-12-21 01:00:00,0.00000549,0.00000560,0.00000530,0.00000546,1506080.00000000,1513821599999,8.28392860,207,393641.00000000,2.17923253,0
2017-12-21 02:00:00,0.00000546,0.00000555,0.00000531,0.00000538,2422114.00000000,1513825199999,13.01261318,286,590574.00000000,3.21228106,0
2017-12-21 03:00:00,0.00000532,0.00000560,0.00000531,0.00000548,1915155.00000000,1513828799999,10.40778034,371,986796.00000000,5.37736094,0
2017-12-21 04:00:00,0.00000548,0.00000570,0.00000532,0.00000564,2576290.00000000,1513832399999,14.23000357,354,1231644.00000000,6.85542760,0
2017-12-21 05:00:00,0.00000564,0.00000580,0.00000551,0.00000578,1279976.00000000,1513835999999,7.26686324,263,702868.00000000,4.01247839,0
2017-12-21 06:00:00,0.00000570,0.00000570,0.00000552,0.00000558,832978.00000000,1513839599999,4.67058708,236,384157.00000000,2.15463464,0
2017-12-21 07:00:00,0.00000559,0.00000564,0.00000541,0.00000548,1391694.00000000,1513843199999,7.69468817,256,523176.00000000,2.89854372,0
2017-12-21 08:00:00,0.00000553,0.00000555,0.00000535,0.00000548,1029055.00000000,1513846799999,5.62743451,243,281729.00000000,1.54570632,0
2017-12-21 09:00:00,0.00000548,0.00000565,0.00000548,0.00000560,1655694.00000000,1513850399999,9.25095062,333,441430.00000000,2.46127350,0
2017-12-21 10:00:00,0.00000560,0.00000573,0.00000542,0.00000566,2442941.00000000,1513853999999,13.68750209,414,809105.00000000,4.55774771,0
2017-12-21 11:00:00,0.00000567,0.00000821,0.00000566,0.00000723,50670951.00000000,1513857599999,356.44532907,3625,28022703.00000000,195.24354190,0
2017-12-21 12:00:00,0.00000723,0.00000780,0.00000716,0.00000723,15065614.00000000,1513861199999,111.71959245,2032,6312926.00000000,47.01957927,0
2017-12-21 13:00:00,0.00000723,0.00000734,0.00000611,0.00000695,10880353.00000000,1513864799999,76.10520504,1311,3355180.00000000,23.57275808,0
2017-12-21 14:00:00,0.00000694,0.00000739,0.00000681,0.00000709,8713164.00000000,1513868399999,61.96910552,1326,4581761.00000000,32.76460331,0
2017-12-21 15:00:00,0.00000708,0.00000718,0.00000647,0.00000672,8638128.00000000,1513871999999,58.27486227,1120,2601086.00000000,17.78565774,0
2017-12-21 16:00:00,0.00000669,0.00000718,0.00000659,0.00000690,4951737.00000000,1513875599999,34.31291125,810,2512362.00000000,17.49727111,0
2017-12-21 17:00:00,0.00000700,0.00000735,0.00000684,0.00000730,3034951.00000000,1513879199999,21.89367988,516,1671001.00000000,12.04318977,0
2017-12-21 18:00:00,0.00000734,0.00000735,0.00000715,0.00000727,1050517.00000000,1513882799999,7.61596948,260,384042.00000000,2.79104382,0
2017-12-21 19:00:00,0.00000724,0.00000737,0.00000713,0.00000724,1882533.00000000,1513886399999,13.73838587,327,904676.00000000,6.61864691,0
2017-12-21 20:00:00,0.00000724,0.00000736,0.00000724,0.00000731,655575.00000000,1513889999999,4.79914226,204,385679.00000000,2.82838830,0
2017-12-21 21:00:00,0.00000731,0.00000737,0.00000712,0.00000732,1054896.00000000,1513893599999,7.71381578,299,681642.00000000,5.00267188,0
2017-12-21 22:00:00,0.00000732,0.00000750,0.00000721,0.00000743,2350329.00000000,1513897199999,17.34989759,347,1588064.00000000,11.75747007,0
2017-12-21 23:00:00,0.00000744,0.00000761,0.00000741,0.00000757,3267979.00000000,1513900799999,24.58920910,915,1670983.00000000,12.57775460,0
2017-12-22 00:00:00,0.00000758,0.00000811,0.00000730,0.00000751,10436646.00000000,1513904399999,80.53483012,2054,5558306.00000000,43.00156309,0
2017-12-22 01:00:00,0.00000754,0.00000755,0.00000713,0.00000720,3981575.00000000,1513907999999,29.46057170,969,1249032.00000000,9.23948670,0
2017-12-22 02:00:00,0.00000720,0.00000732,0.00000681,0.00000696,7455127.00000000,1513911599999,52.72856959,2142,2765236.00000000,19.59124235,0
2017-12-22 03:00:00,0.00000695,0.00000720,0.00000681,0.00000695,9651317.00000000,1513915199999,67.36857708,1874,3190490.00000000,22.34495637,0
2017-12-22 04:00:00,0.00000695,0.00000707,0.00000694,0.00000697,10133102.00000000,1513918799999,70.45245090,1827,2471457.00000000,17.21543620,0
2017-12-22 05:00:00,0.00000698,0.00000710,0.00000690,0.00000692,5429108.00000000,1513922399999,37.82677850,1195,1642955.00000000,11.45711995,0
2017-12-22 06:00:00,0.00000693,0.00000714,0.00000690,0.00000706,5206273.00000000,1513925999999,36.68752164,950,947483.00000000,6.69875885,0
2017-12-22 07:00:00,0.00000707,0.00000707,0.00000630,0.00000661,11327627.00000000,1513929599999,75.09276962,2375,3000243.00000000,19.88301245,0
2017-12-22 08:00:00,0.00000660,0.00000671,0.00000640,0.00000652,4295482.00000000,1513933199999,27.97757238,1027,2496259.00000000,16.25780240,0
2017-12-22 09:00:00,0.00000653,0.00000682,0.00000653,0.00000668,5004827.00000000,1513936799999,33.55708266,1388,2253922.00000000,15.09942884,0
2017-12-22 10:00:00,0.00000670,0.00000675,0.00000649,0.00000667,2743911.00000000,1513940399999,18.20823904,1046,1141597.00000000,7.57631739,0
2017-12-22 11:00:00,0.00000666,0.00000682,0.00000664,0.00000668,2134524.00000000,1513943999999,14.32607613,620,807173.00000000,5.41733758,0
2017-12-22 12:00:00,0.00000666,0.00000677,0.00000664,0.00000666,2236711.00000000,1513947599999,15.02350947,675,1273177.00000000,8.54694831,0
2017-12-22 13:00:00,0.00000667,0.00000670,0.00000631,0.00000640,6210721.00000000,1513951199999,40.16864112,1151,2602929.00000000,16.85730609,0
2017-12-22 14:00:00,0.00000640,0.00000652,0.00000611,0.00000620,7990510.00000000,1513954799999,49.99779412,1401,2936473.00000000,18.30516497,0
2017-12-22 15:00:00,0.00000620,0.00000647,0.00000614,0.00000633,4802222.00000000,1513958399999,30.22166557,1232,2372081.00000000,14.91741628,0
2017-12-22 16:00:00,0.00000634,0.00000665,0.00000624,0.00000663,3518305.00000000,1513961999999,22.57937723,1574,1914811.00000000,12.28154324,0
2017-12-22 17:00:00,0.00000662,0.00000676,0.00000652,0.00000675,2124231.00000000,1513965599999,14.18643056,653,1179604.00000000,7.87900827,0
2017-12-22 18:00:00,0.00000676,0.00000680,0.00000672,0.00000675,773425.00000000,1513969199999,5.23081220,342,445122.00000000,3.01180848,0
2017-12-22 19:00:00,0.00000677,0.00000677,0.00000660,0.00000664,853335.00000000,1513972799999,5.70366496,360,411425.00000000,2.75152947,0
2017-12-22 20:00:00,0.00000665,0.00000678,0.00000657,0.00000673,814420.00000000,1513976399999,5.42930439,375,400805.00000000,2.67219349,0
2017-12-22 21:00:00,0.00000672,0.00000691,0.00000671,0.00000687,1240344.00000000,1513979999999,8.47374349,452,619850.00000000,4.23618219,0
2017-12-22 22:00:00,0.00000686,0.00000690,0.00000660,0.00000666,2457737.00000000,1513983599999,16.65570194,628,858438.00000000,5.81837390,0
2017-12-22 23:00:00,0.00000667,0.00000684,0.00000667,0.00000684,1236827.00000000,1513987199999,8.36651878,487,661518.00000000,4.47516914,0
2017-12-23 00:00:00,0.00000684,0.00000686,0.00000670,0.00000686,2477348.00000000,1513990799999,16.77377919,714,1424403.00000000,9.63945649,0
2017-12-23 01:00:00,0.00000687,0.00000693,0.00000680,0.00000684,3221516.00000000,1513994399999,22.10150551,657,1573113.00000000,10.79601751,0
2017-12-23 02:00:00,0.00000684,0.00000695,0.00000676,0.00000689,2724998.00000000,1513997999999,18.72467722,1613,1619515.00000000,11.13181876,0
2017-12-23 03:00:00,0.00000690,0.00000690,0.00000680,0.00000682,1471662.00000000,1514001599999,10.09423778,1003,577995.00000000,3.96547405,0
2017-12-23 04:00:00,0.00000682,0.00000690,0.00000680,0.00000683,3253523.00000000,1514005199999,22.30245619,1125,1216596.00000000,8.35260742,0
2017-12-23 05:00:00,0.00000684,0.00000686,0.00000661,0.00000662,2900573.00000000,1514008799999,19.55244222,1026,1339320.00000000,9.03979583,0
2017-12-23 06:00:00,0.00000662,0.00000674,0.00000662,0.00000667,2847831.00000000,1514012399999,19.06007830,552,1311683.00000000,8.77809964,0
2017-12-23 07:00:00,0.00000667,0.00000677,0.00000665,0.00000668,2168455.00000000,1514015999999,14.53559228,403,726693.00000000,4.87223963,0
2017-12-23 08:00:00,0.00000668,0.00000675,0.00000650,0.00000656,4102435.00000000,1514019599999,27.14115268,730,1785211.00000000,11.80543434,0
2017-12-23 09:00:00,0.00000656,0.00000671,0.00000656,0.00000666,2910461.00000000,1514023199999,19.35157456,590,1215788.00000000,8.09822779,0
2017-12-23 10:00:00,0.00000666,0.00000669,0.00000660,0.00000665,2198501.00000000,1514026799999,14.62367435,535,1071536.00000000,7.12768612,0
2017-12-23 11:00:00,0.00000665,0.00000669,0.00000650,0.00000657,2602571.00000000,1514030399999,17.22642796,657,1141136.00000000,7.57120734,0
2017-12-23 12:00:00,0.00000656,0.00000661,0.00000633,0.00000647,5501518.00000000,1514033999999,35.39761232,1177,2704131.00000000,17.42180034,0
2017-12-23 13:00:00,0.00000647,0.00000648,0.00000630,0.00000643,3553289.00000000,1514037599999,22.72233086,988,1577153.00000000,10.09311515,0
2017-12-23 14:00:00,0.00000643,0.00000692,0.00000641,0.00000687,5836105.00000000,1514041199999,38.66137993,1453,2833980.00000000,18.73617783,0
2017-12-23 15:00:00,0.00000687,0.00000707,0.00000680,0.00000688,6892840.00000000,1514044799999,47.72137504,1482,3214963.00000000,22.26993493,0
2017-12-23 16:00:00,0.00000688,0.00000688,0.00000658,0.00000675,4456611.00000000,1514048399999,30.04179665,824,1548985.00000000,10.36221966,0
2017-12-23 17:00:00,0.00000675,0.00000682,0.00000670,0.00000675,1726118.00000000,1514051999999,11.65595282,595,730010.00000000,4.93459604,0
2017-12-23 18:00:00,0.00000675,0.00000677,0.00000672,0.00000675,1571657.00000000,1514055599999,10.59353089,524,743842.00000000,5.01684658,0
2017-12-23 19:00:00,0.00000676,0.00000679,0.00000670,0.00000670,724644.00000000,1514059199999,4.88765822,358,267491.00000000,1.80597282,0
2017-12-23 20:00:00,0.00000670,0.00000677,0.00000649,0.00000673,4778002.00000000,1514062799999,31.90857693,707,2383755.00000000,15.94990072,0
2017-12-23 21:00:00,0.00000673,0.00000687,0.00000652,0.00000666,1670228.00000000,1514066399999,11.08960992,431,438507.00000000,2.93955789,0
2017-12-23 22:00:00,0.00000665,0.00000666,0.00000648,0.00000663,2196835.00000000,1514069999999,14.47780275,766,843094.00000000,5.55856519,0
2017-12-23 23:00:00,0.00000663,0.00000679,0.00000650,0.00000654,2307126.00000000,1514073599999,15.26899704,631,1236187.00000000,8.20678574,0
2017-12-24 00:00:00,0.00000655,0.00000657,0.00000639,0.00000653,2570332.00000000,1514077199999,16.71091933,592,1100268.00000000,7.15156113,0
2017-12-24 01:00:00,0.00000653,0.00000661,0.00000640,0.00000646,2440752.00000000,1514080799999,15.85376653,593,965922.00000000,6.27199486,0
2017-12-24 02:00:00,0.00000647,0.00000649,0.00000627,0.00000629,3672888.00000000,1514084399999,23.36803261,749,1600116.00000000,10.18818176,0
2017-12-24 03:00:00,0.00000630,0.00000648,0.00000623,0.00000645,2173356.00000000,1514087999999,13.79828895,690,1321695.00000000,8.39818274,0
2017-12-24 04:00:00,0.00000645,0.00000645,0.00000621,0.00000630,2932379.00000000,1514091599999,18.47787374,777,1472640.00000000,9.26811759,0
2017-12-24 05:00:00,0.00000631,0.00000639,0.00000620,0.00000638,1962967.00000000,1514095199999,12.30761119,607,967632.00000000,6.08188332,0
2017-12-24 06:00:00,0.00000638,0.00000642,0.00000623,0.00000639,1789149.00000000,1514098799999,11.32683097,455,729054.00000000,4.61530669,0
2017-12-24 07:00:00,0.00000639,0.00000690,0.00000600,0.00000673,5215717.00000000,1514102399999,34.17257447,1105,2454910.00000000,16.42502815,0
2017-12-24 08:00:00,0.00000673,0.00000681,0.00000638,0.00000662,2107074.00000000,1514105999999,13.86633114,754,1126344.00000000,7.41608132,0
2017-12-24 09:00:00,0.00000662,0.00000663,0.00000655,0.00000655,1835124.00000000,1514109599999,12.05275366,626,434014.00000000,2.86194230,0
2017-12-24 10:00:00,0.00000656,0.00000656,0.00000638,0.00000645,1246949.00000000,1514113199999,8.03682052,473,546411.00000000,3.52757977,0
2017-12-24 11:00:00,0.00000644,0.00000646,0.00000616,0.00000629,3285108.00000000,1514116799999,20.60734099,625,1394390.00000000,8.75498479,0
2017-12-24 12:00:00,0.00000632,0.00000647,0.00000628,0.00000643,2883257.00000000,1514120399999,18.34182234,655,1689041.00000000,10.75922214,0
2017-12-24 13:00:00,0.00000641,0.00000642,0.00000630,0.00000637,2149972.00000000,1514123999999,13.70143474,393,650713.00000000,4.15374310,0
2017-12-24 14:00:00,0.00000636,0.00000639,0.00000629,0.00000635,1974077.00000000,1514127599999,12.52909960,655,652851.00000000,4.15419542,0
2017-12-24 15:00:00,0.00000635,0.00000637,0.00000627,0.00000637,1837661.00000000,1514131199999,11.60642471,801,988597.00000000,6.25172334,0
2017-12-24 16:00:00,0.00000637,0.00000673,0.00000636,0.00000665,4627571.00000000,1514134799999,30.33755787,652,2899875.00000000,18.97142064,0
2017-12-24 17:00:00,0.00000664,0.00000664,0.00000645,0.00000652,2369920.00000000,1514138399999,15.55284531,382,814418.00000000,5.32299036,0
2017-12-24 18:00:00,0.00000652,0.00000673,0.00000639,0.00000666,1425043.00000000,1514141999999,9.37127120,351,786606.00000000,5.18979457,0
2017-12-24 19:00:00,0.00000666,0.00000669,0.00000655,0.00000669,479913.00000000,1514145599999,3.18321904,271,323404.00000000,2.14674429,0
2017-12-24 20:00:00,0.00000669,0.00000673,0.00000660,0.00000670,532502.00000000,1514149199999,3.54138652,347,275708.00000000,1.82978940,0
2017-12-24 21:00:00,0.00000671,0.00000674,0.00000665,0.00000671,512975.00000000,1514152799999,3.43418132,469,262410.00000000,1.75703242,0
2017-12-24 22:00:00,0.00000671,0.00000676,0.00000650,0.00000667,1126778.00000000,1514156399999,7.50121390,461,508272.00000000,3.38888022,0
2017-12-24 23:00:00,0.00000665,0.00000672,0.00000655,0.00000662,1062669.00000000,1514159999999,7.06924996,368,379724.00000000,2.52482095,0
2017-12-25 00:00:00,0.00000663,0.00000690,0.00000653,0.00000659,3817415.00000000,1514163599999,25.53453985,882,1567657.00000000,10.57664909,0
2017-12-25 01:00:00,0.00000659,0.00000700,0.00000654,0.00000662,6093390.00000000,1514167199999,40.68484133,1074,2935806.00000000,19.77733405,0
2017-12-25 02:00:00,0.00000662,0.00000669,0.00000647,0.00000654,2608189.00000000,1514170799999,17.15062678,636,1275577.00000000,8.39186526,0
2017-12-25 03:00:00,0.00000654,0.00000656,0.00000639,0.00000642,3185513.00000000,1514174399999,20.59349178,729,1098548.00000000,7.13568618,0
2017-12-25 04:00:00,0.00000643,0.00000653,0.00000638,0.00000643,2352580.00000000,1514177999999,15.14823691,756,1056889.00000000,6.81118671,0
2017-12-25 05:00:00,0.00000643,0.00000650,0.00000635,0.00000643,3103633.00000000,1514181599999,19.90426280,795,1550833.00000000,9.95495348,0
2017-12-25 06:00:00,0.00000644,0.00000651,0.00000639,0.00000645,2644616.00000000,1514185199999,17.07926109,636,1842531.00000000,11.90311578,0
2017-12-25 07:00:00,0.00000644,0.00000646,0.00000635,0.00000640,2310173.00000000,1514188799999,14.80888474,545,755106.00000000,4.84731343,0
2017-12-25 08:00:00,0.00000640,0.00000645,0.00000635,0.00000640,1973315.00000000,1514192399999,12.60385182,564,968338.00000000,6.19409983,0
2017-12-25 09:00:00,0.00000640,0.00000643,0.00000637,0.00000640,2621603.00000000,1514195999999,16.79116557,525,1697480.00000000,10.88793949,0
2017-12-25 10:00:00,0.00000640,0.00000648,0.00000636,0.00000644,1991760.00000000,1514199599999,12.79556509,556,1057605.00000000,6.81205050,0
2017-12-25 11:00:00,0.00000644,0.00000662,0.00000633,0.00000660,2378819.00000000,1514203199999,15.41019819,606,1122428.00000000,7.29664259,0
2017-12-25 12:00:00,0.00000659,0.00000689,0.00000653,0.00000673,4772120.00000000,1514206799999,31.96934068,1085,2990809.00000000,20.03780752,0
2017-12-25 13:00:00,0.00000673,0.00000684,0.00000663,0.00000667,4149461.00000000,1514210399999,27.98786004,808,1760294.00000000,11.90657681,0
2017-12-25 14:00:00,0.00000667,0.00000670,0.00000653,0.00000656,3333946.00000000,1514213999999,22.05364321,677,1119703.00000000,7.39619355,0
2017-12-25 15:00:00,0.00000655,0.00000666,0.00000650,0.00000657,2418733.00000000,1514217599999,15.97890704,490,1206589.00000000,7.97836734,0
2017-12-25 16:00:00,0.00000659,0.00000659,0.00000651,0.00000656,2429519.00000000,1514221199999,15.87255175,441,599748.00000000,3.93224477,0
2017-12-25 17:00:00,0.00000656,0.00000672,0.00000656,0.00000665,1624626.00000000,1514224799999,10.77830406,487,954784.00000000,6.34354782,0
2017-12-25 18:00:00,0.00000665,0.00000669,0.00000662,0.00000667,549583.00000000,1514228399999,3.65912589,189,310078.00000000,2.06605950,0
2017-12-25 19:00:00,0.00000667,0.00000673,0.00000659,0.00000671,885306.00000000,1514231999999,5.92156233,205,587176.00000000,3.93229347,0
2017-12-25 20:00:00,0.00000671,0.00000681,0.00000671,0.00000675,1244175.00000000,1514235599999,8.44029498,247,730880.00000000,4.95983937,0
2017-12-25 21:00:00,0.00000675,0.00000700,0.00000675,0.00000685,3503147.00000000,1514239199999,24.12186150,758,1901730.00000000,13.09320717,0
2017-12-25 22:00:00,0.00000685,0.00000689,0.00000675,0.00000675,1139550.00000000,1514242799999,7.77277040,240,204247.00000000,1.39640289,0
2017-12-25 23:00:00,0.00000676,0.00000681,0.00000673,0.00000674,1480125.00000000,1514246399999,10.01072483,320,772750.00000000,5.23209011,0
2017-12-26 00:00:00,0.00000674,0.00000684,0.00000674,0.00000681,1744452.00000000,1514249999999,11.88372099,281,993344.00000000,6.77518751,0
2017-12-26 01:00:00,0.00000680,0.00000680,0.00000672,0.00000675,2573005.00000000,1514253599999,17.42133901,277,894327.00000000,6.06506853,0
2017-12-26 02:00:00,0.00000677,0.00000678,0.00000650,0.00000658,3644681.00000000,1514257199999,24.22342464,1059,1282183.00000000,8.54025646,0
2017-12-26 03:00:00,0.00000658,0.00000664,0.00000644,0.00000646,3308534.00000000,1514260799999,21.53310507,999,1245959.00000000,8.13062035,0
2017-12-26 04:00:00,0.00000646,0.00000649,0.00000632,0.00000641,3818317.00000000,1514264399999,24.37262965,913,1304196.00000000,8.32253576,0
2017-12-26 05:00:00,0.00000642,0.00000646,0.00000629,0.00000633,3559302.00000000,1514267999999,22.61404816,782,1061316.00000000,6.73539255,0
2017-12-26 06:00:00,0.00000633,0.00000636,0.00000625,0.00000625,2513156.00000000,1514271599999,15.80838535,653,477388.00000000,3.01205139,0
2017-12-26 07:00:00,0.00000630,0.00000650,0.00000620,0.00000629,3744076.00000000,1514275199999,23.39526854,785,1210958.00000000,7.62056624,0
2017-12-26 08:00:00,0.00000630,0.00000633,0.00000622,0.00000625,1556778.00000000,1514278799999,9.72542245,515,423990.00000000,2.65156357,0
2017-12-26 09:00:00,0.00000626,0.00000628,0.00000621,0.00000623,1945812.00000000,1514282399999,12.14011015,447,532718.00000000,3.32837611,0
2017-12-26 10:00:00,0.00000623,0.00000628,0.00000617,0.00000623,2696952.00000000,1514285999999,16.71877162,590,788720.00000000,4.89698755,0
2017-12-26 11:00:00,0.00000622,0.00000623,0.00000610,0.00000611,2405146.00000000,1514289599999,14.80654431,442,763930.00000000,4.70265923,0
2017-12-26 12:00:00,0.00000611,0.00000618,0.00000608,0.00000609,4198328.00000000,1514293199999,25.72786145,653,1880885.00000000,11.55954118,0
2017-12-26 13:00:00,0.00000609,0.00000611,0.00000587,0.00000591,2714605.00000000,1514296799999,16.25916646,570,942505.00000000,5.64848812,0
2017-12-26 14:00:00,0.00000590,0.00000593,0.00000531,0.00000543,8675345.00000000,1514300399999,47.54265731,1451,4715808.00000000,25.81809607,0
2017-12-26 15:00:00,0.00000543,0.00000570,0.00000531,0.00000553,3259119.00000000,1514303999999,17.74924204,968,1926231.00000000,10.49855881,0
2017-12-26 16:00:00,0.00000553,0.00000554,0.00000524,0.00000528,2283214.00000000,1514307599999,12.20143694,859,1102056.00000000,5.89984154,0
2017-12-26 17:00:00,0.00000529,0.00000540,0.00000528,0.00000540,1690390.00000000,1514311199999,9.05350715,342,1240993.00000000,6.64906392,0
2017-12-26 18:00:00,0.00000540,0.00000550,0.00000539,0.00000549,2220642.00000000,1514314799999,12.10486446,369,1159860.00000000,6.31620498,0
2017-12-26 19:00:00,0.00000548,0.00000551,0.00000543,0.00000547,1504862.00000000,1514318399999,8.22991880,270,593966.00000000,3.24947052,0
2017-12-26 20:00:00,0.00000546,0.00000548,0.00000543,0.00000546,581193.00000000,1514321999999,3.16844433,400,264530.00000000,1.44250854,0
2017-12-26 21:00:00,0.00000545,0.00000575,0.00000541,0.00000561,1667227.00000000,1514325599999,9.22235029,425,879648.00000000,4.88348988,0
2017-12-26 22:00:00,0.00000563,0.00000602,0.00000550,0.00000596,2308348.00000000,1514329199999,13.33610468,918,1323499.00000000,7.64219568,0
2017-12-26 23:00:00,0.00000596,0.00000608,0.00000583,0.00000595,3366866.00000000,1514332799999,20.12716624,681,1951811.00000000,11.65741254,0
2017-12-27 00:00:00,0.00000596,0.00000609,0.00000579,0.00000599,2000638.00000000,1514336399999,11.99205968,486,913247.00000000,5.47044276,0
2017-12-27 01:00:00,0.00000599,0.00000600,0.00000535,0.00000552,3633668.00000000,1514339999999,20.40549280,1187,1516414.00000000,8.44938651,0
2017-12-27 02:00:00,0.00000552,0.00000561,0.00000542,0.00000552,2661707.00000000,1514343599999,14.73212354,672,1054672.00000000,5.83759172,0
2017-12-27 03:00:00,0.00000552,0.00000565,0.00000536,0.00000545,2086201.00000000,1514347199999,11.49965115,507,904077.00000000,5.00063137,0
2017-12-27 04:00:00,0.00000545,0.00000547,0.00000508,0.00000517,2451093.00000000,1514350799999,12.94050730,752,1105323.00000000,5.82484369,0
2017-12-27 05:00:00,0.00000517,0.00000543,0.00000517,0.00000538,2378732.00000000,1514354399999,12.61761433,637,1117633.00000000,5.92031554,0
2017-12-27 06:00:00,0.00000538,0.00000603,0.00000534,0.00000564,6170230.00000000,1514357999999,34.78586163,1174,2912317.00000000,16.39600273,0
2017-12-27 07:00:00,0.00000565,0.00000610,0.00000564,0.00000585,4397708.00000000,1514361599999,25.94518618,972,2365971.00000000,13.97810972,0
2017-12-27 08:00:00,0.00000586,0.00000589,0.00000526,0.00000541,3420879.00000000,1514365199999,18.94075067,938,959759.00000000,5.33744649,0
2017-12-27 09:00:00,0.00000542,0.00000578,0.00000533,0.00000545,3080753.00000000,1514368799999,16.75162169,908,1230110.00000000,6.70895349,0
2017-12-27 10:00:00,0.00000545,0.00000556,0.00000534,0.00000554,1783845.00000000,1514372399999,9.74553280,570,951334.00000000,5.20335759,0
2017-12-27 11:00:00,0.00000554,0.00000560,0.00000550,0.00000554,2383928.00000000,1514375999999,13.23890725,661,1099006.00000000,6.11091679,0
2017-12-27 12:00:00,0.00000554,0.00000582,0.00000551,0.00000580,2727124.00000000,1514379599999,15.49209953,645,1378553.00000000,7.83974614,0
2017-12-27 13:00:00,0.00000580,0.00000607,0.00000575,0.00000598,3600564.00000000,1514383199999,21.33135498,946,1551352.00000000,9.18079025,0
2017-12-27 14:00:00,0.00000598,0.00000616,0.00000580,0.00000615,11262853.00000000,1514386799999,67.84474143,1316,7343963.00000000,44.26311872,0
2017-12-27 15:00:00,0.00000615,0.00000639,0.00000588,0.00000597,6071226.00000000,1514390399999,37.17423701,1243,2398102.00000000,14.66423709,0
2017-12-27 16:00:00,0.00000597,0.00000648,0.00000597,0.00000614,6146042.00000000,1514393999999,38.31365887,2258,2959176.00000000,18.34349299,0
2017-12-27 17:00:00,0.00000614,0.00000636,0.00000595,0.00000625,2816550.00000000,1514397599999,17.25180372,923,1359158.00000000,8.32483880,0
2017-12-27 18:00:00,0.00000624,0.00000652,0.00000615,0.00000628,3028858.00000000,1514401199999,19.42721951,712,1123250.00000000,7.16999132,0
2017-12-27 19:00:00,0.00000628,0.00000642,0.00000576,0.00000589,2526209.00000000,1514404799999,15.20680706,947,1483700.00000000,8.89075834,0
2017-12-27 20:00:00,0.00000590,0.00000607,0.00000581,0.00000601,1712648.00000000,1514408399999,10.13111370,634,1141103.00000000,6.73430769,0
2017-12-27 21:00:00,0.00000600,0.00000603,0.00000588,0.00000596,1198675.00000000,1514411999999,7.10275130,394,368983.00000000,2.19459009,0
2017-12-27 22:00:00,0.00000597,0.00000602,0.00000567,0.00000587,2246803.00000000,1514415599999,13.25100527,913,953719.00000000,5.64965344,0
2017-12-27 23:00:00,0.00000587,0.00000599,0.00000581,0.00000593,1447753.00000000,1514419199999,8.53158821,517,710305.00000000,4.18739324,0
2017-12-28 00:00:00,0.00000593,0.00000600,0.00000577,0.00000578,1644982.00000000,1514422799999,9.75538528,516,851680.00000000,5.05983013,0
2017-12-28 01:00:00,0.00000579,0.00000591,0.00000575,0.00000590,2120875.00000000,1514426399999,12.37043165,667,1263282.00000000,7.36901454,0
2017-12-28 02:00:00,0.00000587,0.00000596,0.00000521,0.00000536,7697816.00000000,1514429999999,42.29389583,1247,3881244.00000000,21.19697425,0
2017-12-28 03:00:00,0.00000536,0.00000580,0.00000534,0.00000579,6234617.00000000,1514433599999,34.79181514,1499,3099193.00000000,17.27464185,0
2017-12-28 04:00:00,0.00000580,0.00000586,0.00000562,0.00000571,2297005.00000000,1514437199999,13.24480836,759,915783.00000000,5.26711643,0
2017-12-28 05:00:00,0.00000571,0.00000579,0.00000541,0.00000556,3869128.00000000,1514440799999,21.63112947,724,1735172.00000000,9.74209765,0
2017-12-28 06:00:00,0.00000557,0.00000564,0.00000544,0.00000564,1868594.00000000,1514444399999,10.37269830,818,1143962.00000000,6.34917080,0
2017-12-28 07:00:00,0.00000564,0.00000577,0.00000550,0.00000564,1701171.00000000,1514447999999,9.60444923,545,817484.00000000,4.60877064,0
2017-12-28 08:00:00,0.00000564,0.00000565,0.00000551,0.00000561,1524316.00000000,1514451599999,8.50760139,440,816812.00000000,4.56783701,0
2017-12-28 09:00:00,0.00000560,0.00000562,0.00000546,0.00000548,1698073.00000000,1514455199999,9.40904124,781,908595.00000000,5.04283709,0
2017-12-28 10:00:00,0.00000548,0.00000555,0.00000540,0.00000548,2584303.00000000,1514458799999,14.08112870,499,779934.00000000,4.25758488,0
2017-12-28 11:00:00,0.00000548,0.00000555,0.00000540,0.00000543,1905544.00000000,1514462399999,10.45611043,347,789984.00000000,4.33974796,0
2017-12-28 12:00:00,0.00000544,0.00000554,0.00000544,0.00000552,1285577.00000000,1514465999999,7.07654715,359,605657.00000000,3.34246650,0
2017-12-28 13:00:00,0.00000551,0.00000568,0.00000550,0.00000559,2647452.00000000,1514469599999,14.74415610,507,1605726.00000000,8.95809803,0
2017-12-28 14:00:00,0.00000560,0.00000573,0.00000557,0.00000568,1472606.00000000,1514473199999,8.31985039,367,724056.00000000,4.11090563,0
2017-12-28 15:00:00,0.00000568,0.00000576,0.00000558,0.00000567,4067077.00000000,1514476799999,23.16197573,615,3013226.00000000,17.17302200,0
2017-12-28 16:00:00,0.00000567,0.00000576,0.00000558,0.00000570,1750708.00000000,1514480399999,9.96855352,461,920562.00000000,5.24285277,0
2017-12-28 17:00:00,0.00000570,0.00000580,0.00000567,0.00000577,1455931.00000000,1514483999999,8.36814665,380,911962.00000000,5.24562103,0
2017-12-28 18:00:00,0.00000578,0.00000583,0.00000576,0.00000579,1627605.00000000,1514487599999,9.43045222,428,731368.00000000,4.23725104,0
2017-12-28 19:00:00,0.00000580,0.00000584,0.00000571,0.00000575,1156932.00000000,1514491199999,6.65960462,382,446031.00000000,2.56757009,0
2017-12-28 20:00:00,0.00000575,0.00000581,0.00000573,0.00000579,1076781.00000000,1514494799999,6.22314288,325,620667.00000000,3.58750000,0
2017-12-28 21:00:00,0.00000580,0.00000594,0.00000574,0.00000588,1320800.00000000,1514498399999,7.66837138,484,694371.00000000,4.03197674,0
2017-12-28 22:00:00,0.00000588,0.00000598,0.00000584,0.00000590,2158161.00000000,1514501999999,12.75850740,719,1131607.00000000,6.68520165,0
2017-12-28 23:00:00,0.00000591,0.00000598,0.00000578,0.00000581,2276696.00000000,1514505599999,13.36060157,802,1039424.00000000,6.10025364,0
2017-12-29 00:00:00,0.00000581,0.00000602,0.00000578,0.00000599,1311151.00000000,1514509199999,7.75145969,644,529840.00000000,3.12746344,0
2017-12-29 01:00:00,0.00000600,0.00000604,0.00000584,0.00000593,2543261.00000000,1514512799999,15.15052331,580,1151002.00000000,6.84959451,0
2017-12-29 02:00:00,0.00000592,0.00000598,0.00000565,0.00000583,3383215.00000000,1514516399999,19.77928495,716,1561398.00000000,9.13908249,0
2017-12-29 03:00:00,0.00000582,0.00000590,0.00000575,0.00000578,2173613.00000000,1514519999999,12.62164369,570,734674.00000000,4.26827527,0
2017-12-29 04:00:00,0.00000577,0.00000584,0.00000564,0.00000581,2656949.00000000,1514523599999,15.28456011,743,1232504.00000000,7.10562725,0
2017-12-29 05:00:00,0.00000581,0.00000602,0.00000577,0.00000591,3186228.00000000,1514527199999,18.83535608,892,1997407.00000000,11.79430318,0
2017-12-29 06:00:00,0.00000592,0.00000601,0.00000588,0.00000596,1849683.00000000,1514530799999,10.99717661,666,898056.00000000,5.34411097,0
2017-12-29 07:00:00,0.00000596,0.00000625,0.00000591,0.00000611,4864279.00000000,1514534399999,29.53533364,1383,2196564.00000000,13.30962233,0
2017-12-29 08:00:00,0.00000611,0.00000613,0.00000582,0.00000584,3619357.00000000,1514537999999,21.56905765,912,1907268.00000000,11.34237880,0
2017-12-29 09:00:00,0.00000584,0.00000584,0.00000565,0.00000580,4413155.00000000,1514541599999,25.33792242,1120,2220628.00000000,12.76293052,0
2017-12-29 10:00:00,0.00000580,0.00000610,0.00000579,0.00000587,2873424.00000000,1514545199999,16.98904880,987,1535427.00000000,9.07710332,0
2017-12-29 11:00:00,0.00000588,0.00000588,0.00000565,0.00000580,2813912.00000000,1514548799999,16.20757654,748,1037881.00000000,5.99372969,0
2017-12-29 12:00:00,0.00000580,0.00000589,0.00000560,0.00000584,3046075.00000000,1514552399999,17.53382580,747,947453.00000000,5.48441198,0
2017-12-29 13:00:00,0.00000583,0.00000590,0.00000576,0.00000587,1643532.00000000,1514555999999,9.58452173,476,665538.00000000,3.88246153,0
2017-12-29 14:00:00,0.00000587,0.00000601,0.00000585,0.00000594,3240854.00000000,1514559599999,19.27994780,888,1429660.00000000,8.51424592,0
2017-12-29 15:00:00,0.00000595,0.00000618,0.00000594,0.00000618,3527084.00000000,1514563199999,21.29303215,888,1625212.00000000,9.83068725,0
2017-12-29 16:00:00,0.00000618,0.00000650,0.00000613,0.00000625,8203975.00000000,1514566799999,51.77656073,1811,3995093.00000000,25.26841187,0
2017-12-29 17:00:00,0.00000625,0.00000649,0.00000611,0.00000632,5871273.00000000,1514570399999,36.89995265,1272,3208551.00000000,20.20512723,0
2017-12-29 18:00:00,0.00000633,0.00000662,0.00000626,0.00000635,15650631.00000000,1514573999999,101.30866707,1737,7361586.00000000,47.82939349,0
2017-12-29 19:00:00,0.00000634,0.00000654,0.00000630,0.00000645,4091718.00000000,1514577599999,26.27886313,852,1908776.00000000,12.28271659,0
2017-12-29 20:00:00,0.00000644,0.00000656,0.00000640,0.00000652,1463188.00000000,1514581199999,9.51136381,708,783042.00000000,5.10345920,0
2017-12-29 21:00:00,0.00000652,0.00000658,0.00000630,0.00000631,1649433.00000000,1514584799999,10.63367150,831,656150.00000000,4.23320254,0
2017-12-29 22:00:00,0.00000631,0.00000658,0.00000630,0.00000643,1707139.00000000,1514588399999,10.93754397,718,906569.00000000,5.81191555,0
2017-12-29 23:00:00,0.00000637,0.00000643,0.00000620,0.00000632,2385934.00000000,1514591999999,15.08344947,986,1123379.00000000,7.10907454,0
2017-12-30 00:00:00,0.00000631,0.00000641,0.00000610,0.00000627,3414920.00000000,1514595599999,21.33884451,1244,1371737.00000000,8.57867794,0
2017-12-30 01:00:00,0.00000627,0.00000649,0.00000606,0.00000610,4374373.00000000,1514599199999,27.56856299,1676,2362531.00000000,14.87023592,0
2017-12-30 02:00:00,0.00000610,0.00000614,0.00000596,0.00000601,4855969.00000000,1514602799999,29.35658948,1452,1737951.00000000,10.51151404,0
2017-12-30 03:00:00,0.00000602,0.00000608,0.00000599,0.00000608,3067156.00000000,1514606399999,18.49850242,1029,1095723.00000000,6.61263451,0
2017-12-30 04:00:00,0.00000608,0.00000610,0.00000600,0.00000604,2072437.00000000,1514609999999,12.56904765,817,1137268.00000000,6.90763532,0
2017-12-30 05:00:00,0.00000604,0.00000613,0.00000600,0.00000611,1823689.00000000,1514613599999,11.07563633,821,947367.00000000,5.75993365,0
2017-12-30 06:00:00,0.00000612,0.00000614,0.00000602,0.00000606,2075183.00000000,1514617199999,12.61741049,765,1037746.00000000,6.31222295,0
2017-12-30 07:00:00,0.00000606,0.00000607,0.00000601,0.00000603,3104139.00000000,1514620799999,18.74233693,851,1272759.00000000,7.69107987,0
2017-12-30 08:00:00,0.00000603,0.00000606,0.00000601,0.00000604,3668376.00000000,1514624399999,22.13598427,975,1803216.00000000,10.89064762,0
2017-12-30 09:00:00,0.00000604,0.00000610,0.00000600,0.00000607,3425118.00000000,1514627999999,20.70329888,908,1674949.00000000,10.14413505,0
2017-12-30 10:00:00,0.00000608,0.00000618,0.00000603,0.00000613,3155068.00000000,1514631599999,19.26003272,980,1333609.00000000,8.13341826,0
2017-12-30 11:00:00,0.00000612,0.00000633,0.00000605,0.00000621,6343569.00000000,1514635199999,39.05450683,1497,2191247.00000000,13.55109222,0
2017-12-30 12:00:00,0.00000620,0.00000620,0.00000595,0.00000603,6900848.00000000,1514638799999,41.69836438,1459,2889836.00000000,17.49589440,0
2017-12-30 13:00:00,0.00000603,0.00000618,0.00000600,0.00000606,4029511.00000000,1514642399999,24.46559304,933,2378922.00000000,14.43262550,0
2017-12-30 14:00:00,0.00000606,0.00000606,0.00000594,0.00000597,3530319.00000000,1514645999999,21.13481288,875,928644.00000000,5.56742800,0
2017-12-30 15:00:00,0.00000598,0.00000603,0.00000592,0.00000600,3120557.00000000,1514649599999,18.63918562,675,1091439.00000000,6.52348856,0
2017-12-30 16:00:00,0.00000601,0.00000608,0.00000592,0.00000601,3438726.00000000,1514653199999,20.62623415,716,1680687.00000000,10.09141452,0
2017-12-30 17:00:00,0.00000598,0.00000631,0.00000590,0.00000631,88136738.00000000,1514656799999,554.04432076,1524,83057112.00000000,522.93795023,0
2017-12-30 18:00:00,0.00000630,0.00000640,0.00000598,0.00000635,17310814.00000000,1514660399999,108.62968028,1586,8213734.00000000,51.72742847,0
2017-12-30 19:00:00,0.00000634,0.00000636,0.00000596,0.00000624,12489616.00000000,1514663999999,76.96731661,1834,5672676.00000000,34.95551924,0
2017-12-30 20:00:00,0.00000624,0.00000639,0.00000620,0.00000638,3946687.00000000,1514667599999,24.74934761,957,2192475.00000000,13.75677390,0
2017-12-30 21:00:00,0.00000638,0.00000656,0.00000625,0.00000648,17771800.00000000,1514671199999,115.28458492,1957,9572615.00000000,62.18263672,0
2017-12-30 22:00:00,0.00000648,0.00000649,0.00000607,0.00000633,7815420.00000000,1514674799999,48.77515751,1805,2399844.00000000,15.03793042,0
2017-12-30 23:00:00,0.00000632,0.00000655,0.00000627,0.00000642,3995865.00000000,1514678399999,25.59728714,852,1875854.00000000,12.03865798,0
2017-12-31 00:00:00,0.00000641,0.00000680,0.00000638,0.00000667,8858628.00000000,1514681999999,58.69153213,2100,4565564.00000000,30.27859434,0
2017-12-31 01:00:00,0.00000667,0.00000796,0.00000659,0.00000787,19031298.00000000,1514685599999,139.33465717,4319,10124374.00000000,74.15969084,0
2017-12-31 02:00:00,0.00000787,0.00000787,0.00000700,0.00000721,14440321.00000000,1514689199999,106.64999718,2766,6056792.00000000,44.81433389,0
2017-12-31 03:00:00,0.00000724,0.00000745,0.00000692,0.00000718,9048483.00000000,1514692799999,64.38585645,1976,3557358.00000000,25.33390125,0
2017-12-31 04:00:00,0.00000717,0.00000720,0.00000690,0.00000704,3743681.00000000,1514696399999,26.41350250,1206,1770343.00000000,12.49101342,0
2017-12-31 05:00:00,0.00000704,0.00000712,0.00000682,0.00000695,3418169.00000000,1514699999999,23.88791610,1063,1473688.00000000,10.29523775,0
2017-12-31 06:00:00,0.00000695,0.00000701,0.00000670,0.00000682,4845074.00000000,1514703599999,33.20667324,1281,1964855.00000000,13.48380983,0
2017-12-31 07:00:00,0.00000682,0.00000711,0.00000678,0.00000703,3524108.00000000,1514707199999,24.55878173,1152,1748190.00000000,12.16690111,0
2017-12-31 08:00:00,0.00000703,0.00000739,0.00000703,0.00000712,5335216.00000000,1514710799999,38.35146749,1294,2379108.00000000,17.09293635,0
2017-12-31 09:00:00,0.00000712,0.00000725,0.00000698,0.00000706,6411838.00000000,1514714399999,45.51323998,1178,2821863.00000000,20.03960525,0
2017-12-31 10:00:00,0.00000706,0.00000721,0.00000699,0.00000718,3542010.00000000,1514717999999,24.98982584,659,1847132.00000000,13.04384770,0
2017-12-31 11:00:00,0.00000718,0.00000755,0.00000708,0.00000729,7452013.00000000,1514721599999,54.99783539,1671,4717264.00000000,34.83760611,0
2017-12-31 12:00:00,0.00000730,0.00000736,0.00000720,0.00000730,4112953.00000000,1514725199999,30.00885375,996,1686729.00000000,12.31681414,0
2017-12-31 13:00:00,0.00000731,0.00000743,0.00000710,0.00000722,8000136.00000000,1514728799999,58.37049786,1456,3304120.00000000,24.13119558,0
2017-12-31 14:00:00,0.00000722,0.00000778,0.00000710,0.00000747,9691448.00000000,1514732399999,71.92828316,2019,5119685.00000000,37.96145551,0
2017-12-31 15:00:00,0.00000746,0.00000773,0.00000705,0.00000733,8507971.00000000,1514735999999,63.47215620,2205,4079759.00000000,30.48895676,0
2017-12-31 16:00:00,0.00000732,0.00000734,0.00000702,0.00000709,7771926.00000000,1514739599999,55.33265015,1514,3900663.00000000,27.76270357,0
2017-12-31 17:00:00,0.00000709,0.00000754,0.00000709,0.00000741,10675488.00000000,1514743199999,78.36037377,1815,5681180.00000000,41.64426163,0
2017-12-31 18:00:00,0.00000742,0.00000748,0.00000730,0.00000745,3703512.00000000,1514746799999,27.38427332,712,1857705.00000000,13.72922419,0
2017-12-31 19:00:00,0.00000744,0.00000758,0.00000700,0.00000721,56395027.00000000,1514750399999,422.60360887,1089,39230233.00000000,294.10709781,0
2017-12-31 20:00:00,0.00000720,0.00000726,0.00000698,0.00000707,5318016.00000000,1514753999999,37.57403231,1048,2125653.00000000,15.02836848,0
2017-12-31 21:00:00,0.00000707,0.00000710,0.00000696,0.00000709,1730889.00000000,1514757599999,12.17144078,537,841918.00000000,5.91744978,0
2017-12-31 22:00:00,0.00000706,0.00000740,0.00000706,0.00000722,3618252.00000000,1514761199999,25.98096072,774,2149710.00000000,15.45201733,0
2017-12-31 23:00:00,0.00000723,0.00000732,0.00000684,0.00000696,4012755.00000000,1514764799999,28.42288232,890,1349842.00000000,9.59049301,0
2018-01-01 00:00:00,0.00000696,0.00000709,0.00000681,0.00000702,3924912.00000000,1514768399999,27.32335859,1066,1920255.00000000,13.37389076,0
