Date,Open,High,Low,Close,Volume
2017-12-19 05:00:00,0.00010000,0.00012000,0.00003330,0.00004299,113799.00000000,1513663199999,4.93845564,66,40454.00000000,2.07334623,0
2017-12-19 06:00:00,0.00004000,0.00004298,0.00002280,0.00002622,12398551.00000000,1513666799999,340.98082526,5969,4149099.00000000,115.38677046,0
2017-12-19 07:00:00,0.00002629,0.00002794,0.00002320,0.00002439,7500129.00000000,1513670399999,191.76051344,3175,2369027.00000000,61.16509717,0
2017-12-19 08:00:00,0.00002426,0.00002576,0.00002280,0.00002484,5404289.00000000,1513673999999,131.37793751,2737,2095935.00000000,51.52931674,0
2017-12-19 09:00:00,0.00002455,0.00002579,0.00002310,0.00002368,4447638.00000000,1513677599999,109.39083152,2487,1647796.00000000,40.88493117,0
2017-12-19 10:00:00,0.00002369,0.00002400,0.00002003,0.00002036,4670739.00000000,1513681199999,103.73626282,2247,1445426.00000000,32.01848737,0
2017-12-19 11:00:00,0.00002036,0.00002212,0.00001901,0.00001920,3570462.00000000,1513684799999,73.39941944,1704,1189769.00000000,24.63222888,0
2017-12-19 12:00:00,0.00001920,0.00002355,0.00001910,0.00002196,4802337.00000000,1513688399999,103.74328430,2201,2517287.00000000,54.24546514,0
2017-12-19 13:00:00,0.00002210,0.00002249,0.00002120,0.00002237,2029322.00000000,1513691999999,44.62792537,1413,729988.00000000,16.14543958,0
2017-12-19 14:00:00,0.00002236,0.00002299,0.00002166,0.00002191,2064780.00000000,1513695599999,45.98661447,1423,858000.00000000,19.16080606,0
2017-12-19 15:00:00,0.00002191,0.00002260,0.00002176,0.00002217,1600970.00000000,1513699199999,35.39804061,1177,622857.00000000,13.78525809,0
2017-12-19 16:00:00,0.00002214,0.00002265,0.00002188,0.00002230,1925036.00000000,1513702799999,42.60148074,1152,893055.00000000,19.78002698,0
2017-12-19 17:00:00,0.00002230,0.00002564,0.00002210,0.00002363,4514560.00000000,1513706399999,108.70309111,2861,2302842.00000000,55.58997079,0
2017-12-19 18:00:00,0.00002363,0.00002449,0.00002290,0.00002391,1679283.00000000,1513709999999,40.11400376,1501,652416.00000000,15.63632624,0
2017-12-19 19:00:00,0.00002397,0.00002488,0.00002350,0.00002404,1792860.00000000,1513713599999,43.31265153,1397,608362.00000000,14.74320000,0
2017-12-19 20:00:00,0.00002404,0.00002450,0.00002336,0.00002359,1285616.00000000,1513717199999,30.92276550,1087,531868.00000000,12.85112342,0
2017-12-19 21:00:00,0.00002359,0.00002400,0.00002210,0.00002220,1426611.00000000,1513720799999,32.63472003,1104,392474.00000000,9.01317082,0
2017-12-19 22:00:00,0.00002220,0.00002241,0.00002055,0.00002206,1568606.00000000,1513724399999,33.75656130,1208,558536.00000000,12.02396985,0
2017-12-19 23:00:00,0.00002216,0.00002238,0.00002129,0.00002167,843762.00000000,1513727999999,18.40896374,738,293626.00000000,6.41959627,0
2017-12-20 00:00:00,0.00002166,0.00002240,0.00001801,0.00001890,3170454.00000000,1513731599999,63.96781139,1534,961532.00000000,19.54559317,0
2017-12-20 01:00:00,0.00001890,0.00002086,0.00001805,0.00001817,1865219.00000000,1513735199999,35.73232509,1165,778312.00000000,14.99282048,0
2017-12-20 02:00:00,0.00001816,0.00002200,0.00001814,0.00002034,2079420.00000000,1513738799999,41.25310401,1160,949820.00000000,18.96441704,0
2017-12-20 03:00:00,0.00002036,0.00002238,0.00002036,0.00002110,1330653.00000000,1513742399999,28.77975233,888,641265.00000000,13.92770887,0
2017-12-20 04:00:00,0.00002110,0.00002190,0.00002070,0.00002190,637263.00000000,1513745999999,13.35091854,540,188249.00000000,3.96329804,0
2017-12-20 05:00:00,0.00002195,0.00002200,0.00002074,0.00002107,727448.00000000,1513749599999,15.34044405,609,410739.00000000,8.66560285,0
2017-12-20 06:00:00,0.00002107,0.00002150,0.00002060,0.00002104,897380.00000000,1513753199999,18.83990090,583,385323.00000000,8.09509218,0
2017-12-20 07:00:00,0.00002097,0.00002107,0.00002000,0.00002021,820100.00000000,1513756799999,16.83259826,423,249409.00000000,5.15517576,0
2017-12-20 08:00:00,0.00002040,0.00002056,0.00001980,0.00002050,825415.00000000,1513760399999,16.56689246,548,319729.00000000,6.41503962,0
2017-12-20 09:00:00,0.00002036,0.00002050,0.00001980,0.00002000,648895.00000000,1513763999999,13.00227405,502,248101.00000000,4.97888820,0
2017-12-20 10:00:00,0.00001994,0.00002023,0.00001900,0.00001900,920782.00000000,1513767599999,17.90235300,676,203847.00000000,3.98775786,0
2017-12-20 11:00:00,0.00001909,0.00001978,0.00001901,0.00001972,697942.00000000,1513771199999,13.47484845,562,334082.00000000,6.47735469,0
2017-12-20 12:00:00,0.00001973,0.00002156,0.00001972,0.00002104,1903737.00000000,1513774799999,39.88818529,993,1069216.00000000,22.38193323,0
2017-12-20 13:00:00,0.00002108,0.00002150,0.00001921,0.00002044,1152296.00000000,1513778399999,23.67469505,690,456288.00000000,9.45279958,0
2017-12-20 14:00:00,0.00002020,0.00002126,0.00002001,0.00002083,709197.00000000,1513781999999,14.65049011,566,344891.00000000,7.12606460,0
2017-12-20 15:00:00,0.00002063,0.00002083,0.00001950,0.00002005,544321.00000000,1513785599999,10.88006436,605,247921.00000000,4.97897340,0
2017-12-20 16:00:00,0.00002005,0.00002005,0.00001930,0.00001973,492691.00000000,1513789199999,9.64268272,494,89047.00000000,1.74798508,0
2017-12-20 17:00:00,0.00001973,0.00002041,0.00001951,0.00001975,443033.00000000,1513792799999,8.73187944,408,214840.00000000,4.24782242,0
2017-12-20 18:00:00,0.00001975,0.00001997,0.00001942,0.00001976,346264.00000000,1513796399999,6.81527210,454,152369.00000000,3.00336049,0
2017-12-20 19:00:00,0.00001986,0.00002024,0.00001964,0.00002007,512969.00000000,1513799999999,10.20199428,499,271075.00000000,5.39334392,0
2017-12-20 20:00:00,0.00002007,0.00002007,0.00001906,0.00001949,595984.00000000,1513803599999,11.60417346,483,168188.00000000,3.29356817,0
2017-12-20 21:00:00,0.00001949,0.00001950,0.00001862,0.00001890,852152.00000000,1513807199999,16.29190260,550,418553.00000000,8.02549381,0
2017-12-20 22:00:00,0.00001891,0.00001920,0.00001866,0.00001894,445734.00000000,1513810799999,8.44127229,347,135230.00000000,2.57446976,0
2017-12-20 23:00:00,0.00001871,0.00001927,0.00001811,0.00001921,943171.00000000,1513814399999,17.64496639,589,482190.00000000,9.11319142,0
2017-12-21 00:00:00,0.00001921,0.00001924,0.00001834,0.00001842,795880.00000000,1513817999999,14.89035408,444,302232.00000000,5.67557276,0
2017-12-21 01:00:00,0.00001842,0.00001942,0.00001830,0.00001927,1148583.00000000,1513821599999,21.50547359,721,551645.00000000,10.33961441,0
2017-12-21 02:00:00,0.00001923,0.00001950,0.00001860,0.00001876,1039688.00000000,1513825199999,19.72546708,537,394605.00000000,7.48396149,0
2017-12-21 03:00:00,0.00001870,0.00001940,0.00001865,0.00001905,766278.00000000,1513828799999,14.61486722,545,378395.00000000,7.22718561,0
2017-12-21 04:00:00,0.00001907,0.00001907,0.00001836,0.00001841,1288588.00000000,1513832399999,24.02270454,771,486625.00000000,9.05067735,0
2017-12-21 05:00:00,0.00001841,0.00001911,0.00001830,0.00001911,1095921.00000000,1513835999999,20.47323248,695,460934.00000000,8.63046999,0
2017-12-21 06:00:00,0.00001891,0.00002041,0.00001891,0.00001976,2445324.00000000,1513839599999,48.77537354,1552,1207719.00000000,24.11658237,0
2017-12-21 07:00:00,0.00001975,0.00002034,0.00001931,0.00002008,1344220.00000000,1513843199999,26.83985997,903,796153.00000000,15.92672985,0
2017-12-21 08:00:00,0.00002008,0.00002120,0.00001950,0.00002113,1962001.00000000,1513846799999,40.10716204,1055,1370076.00000000,28.06027252,0
2017-12-21 09:00:00,0.00002112,0.00002190,0.00002002,0.00002140,1322036.00000000,1513850399999,28.09582063,1037,812644.00000000,17.31926418,0
2017-12-21 10:00:00,0.00002140,0.00002140,0.00001996,0.00002064,920241.00000000,1513853999999,19.00013993,726,440062.00000000,9.09626732,0
2017-12-21 11:00:00,0.00002064,0.00002078,0.00001980,0.00002005,926089.00000000,1513857599999,18.65031404,590,355870.00000000,7.20135691,0
2017-12-21 12:00:00,0.00002005,0.00002064,0.00001930,0.00001985,1056344.00000000,1513861199999,21.11668342,663,202830.00000000,4.10382593,0
2017-12-21 13:00:00,0.00001985,0.00002018,0.00001889,0.00001976,1421044.00000000,1513864799999,27.62115720,944,605764.00000000,11.83017854,0
2017-12-21 14:00:00,0.00001972,0.00001985,0.00001935,0.00001956,592364.00000000,1513868399999,11.61422102,495,260229.00000000,5.11382801,0
2017-12-21 15:00:00,0.00001945,0.00001946,0.00001880,0.00001900,846752.00000000,1513871999999,16.16864401,611,348443.00000000,6.67602545,0
2017-12-21 16:00:00,0.00001900,0.00002008,0.00001840,0.00001976,918638.00000000,1513875599999,17.42637618,728,427667.00000000,8.17507704,0
2017-12-21 17:00:00,0.00001976,0.00002049,0.00001969,0.00002026,897604.00000000,1513879199999,18.06726511,609,430460.00000000,8.65740745,0
2017-12-21 18:00:00,0.00002026,0.00002044,0.00001943,0.00002000,430266.00000000,1513882799999,8.63890930,385,132951.00000000,2.69379576,0
2017-12-21 19:00:00,0.00001978,0.00002039,0.00001910,0.00002011,452120.00000000,1513886399999,9.10503421,345,268679.00000000,5.43704571,0
2017-12-21 20:00:00,0.00002010,0.00002024,0.00001970,0.00001996,250643.00000000,1513889999999,4.99513406,272,83790.00000000,1.67046416,0
2017-12-21 21:00:00,0.00001989,0.00002060,0.00001988,0.00002046,468125.00000000,1513893599999,9.50683570,443,308575.00000000,6.27284964,0
2017-12-21 22:00:00,0.00002046,0.00002080,0.00001992,0.00002046,526482.00000000,1513897199999,10.70034178,399,238902.00000000,4.86596618,0
2017-12-21 23:00:00,0.00002047,0.00002061,0.00002002,0.00002010,351806.00000000,1513900799999,7.11348220,345,149492.00000000,3.03248893,0
2017-12-22 00:00:00,0.00002010,0.00002100,0.00002002,0.00002068,470276.00000000,1513904399999,9.66587930,388,274449.00000000,5.65087781,0
2017-12-22 01:00:00,0.00002055,0.00002056,0.00001954,0.00001958,736805.00000000,1513907999999,14.80414486,325,174673.00000000,3.53060192,0
2017-12-22 02:00:00,0.00001963,0.00001999,0.00001885,0.00001885,568872.00000000,1513911599999,10.98892439,408,160298.00000000,3.11375282,0
2017-12-22 03:00:00,0.00001885,0.00001891,0.00001815,0.00001890,672033.00000000,1513915199999,12.43587316,438,103938.00000000,1.93031399,0
2017-12-22 04:00:00,0.00001910,0.00002000,0.00001896,0.00001975,540591.00000000,1513918799999,10.61146145,377,296005.00000000,5.81171980,0
2017-12-22 05:00:00,0.00001975,0.00001976,0.00001940,0.00001944,216563.00000000,1513922399999,4.22493407,149,56006.00000000,1.09670080,0
2017-12-22 06:00:00,0.00001945,0.00001961,0.00001851,0.00001871,267675.00000000,1513925999999,5.09060701,219,92015.00000000,1.75668854,0
2017-12-22 07:00:00,0.00001853,0.00001870,0.00001755,0.00001756,478489.00000000,1513929599999,8.70619128,437,102920.00000000,1.89408662,0
2017-12-22 08:00:00,0.00001756,0.00001798,0.00001702,0.00001750,346085.00000000,1513933199999,6.01685750,223,120377.00000000,2.10371015,0
2017-12-22 09:00:00,0.00001753,0.00001819,0.00001747,0.00001774,479118.00000000,1513936799999,8.47866300,302,208967.00000000,3.71153864,0
2017-12-22 10:00:00,0.00001773,0.00001880,0.00001751,0.00001800,365110.00000000,1513940399999,6.57648385,205,153270.00000000,2.77352353,0
2017-12-22 11:00:00,0.00001803,0.00001810,0.00001707,0.00001750,288131.00000000,1513943999999,5.07859053,183,77596.00000000,1.36063685,0
2017-12-22 12:00:00,0.00001769,0.00001780,0.00001736,0.00001766,148134.00000000,1513947599999,2.59134215,143,44766.00000000,0.78685659,0
2017-12-22 13:00:00,0.00001766,0.00001767,0.00001644,0.00001658,481016.00000000,1513951199999,8.19822483,274,88213.00000000,1.51555507,0
2017-12-22 14:00:00,0.00001684,0.00001778,0.00001246,0.00001520,695162.00000000,1513954799999,10.38227085,470,236231.00000000,3.53765384,0
2017-12-22 15:00:00,0.00001523,0.00001576,0.00001400,0.00001544,363968.00000000,1513958399999,5.55129197,244,221527.00000000,3.40303377,0
2017-12-22 16:00:00,0.00001560,0.00001716,0.00001542,0.00001645,316471.00000000,1513961999999,5.12395857,310,182638.00000000,2.97376415,0
2017-12-22 17:00:00,0.00001670,0.00001716,0.00001532,0.00001640,372006.00000000,1513965599999,6.10148923,243,128805.00000000,2.16594699,0
2017-12-22 18:00:00,0.00001640,0.00001676,0.00001632,0.00001647,134622.00000000,1513969199999,2.21531795,134,57627.00000000,0.95312655,0
2017-12-22 19:00:00,0.00001651,0.00001730,0.00001651,0.00001729,155213.00000000,1513972799999,2.62150353,152,88549.00000000,1.49700883,0
2017-12-22 20:00:00,0.00001726,0.00001727,0.00001685,0.00001716,206780.00000000,1513976399999,3.52925646,136,93029.00000000,1.59090594,0
2017-12-22 21:00:00,0.00001699,0.00001716,0.00001632,0.00001644,203167.00000000,1513979999999,3.42172374,200,54137.00000000,0.91853374,0
2017-12-22 22:00:00,0.00001666,0.00001717,0.00001634,0.00001707,165695.00000000,1513983599999,2.77799362,184,74689.00000000,1.25757009,0
2017-12-22 23:00:00,0.00001681,0.00001721,0.00001650,0.00001651,199102.00000000,1513987199999,3.37641217,197,86308.00000000,1.46964660,0
2017-12-23 00:00:00,0.00001657,0.00001678,0.00001643,0.00001657,156609.00000000,1513990799999,2.58829694,138,46675.00000000,0.77296314,0
2017-12-23 01:00:00,0.00001657,0.00001715,0.00001609,0.00001609,372133.00000000,1513994399999,6.15772925,249,161089.00000000,2.68506453,0
2017-12-23 02:00:00,0.00001628,0.00001669,0.00001566,0.00001611,459091.00000000,1513997999999,7.34800540,319,155891.00000000,2.50832283,0
2017-12-23 03:00:00,0.00001633,0.00001634,0.00001594,0.00001601,185354.00000000,1514001599999,2.99247632,185,48884.00000000,0.79269693,0
2017-12-23 04:00:00,0.00001607,0.00001678,0.00001601,0.00001659,265432.00000000,1514005199999,4.36155942,292,159960.00000000,2.63558618,0
2017-12-23 05:00:00,0.00001660,0.00001720,0.00001630,0.00001715,369249.00000000,1514008799999,6.17352202,257,168891.00000000,2.84400861,0
2017-12-23 06:00:00,0.00001715,0.00001730,0.00001650,0.00001729,356948.00000000,1514012399999,6.04191154,265,179497.00000000,3.04805869,0
2017-12-23 07:00:00,0.00001729,0.00001790,0.00001683,0.00001770,481125.00000000,1514015999999,8.35352322,354,331457.00000000,5.75493769,0
2017-12-23 08:00:00,0.00001782,0.00001783,0.00001688,0.00001763,447321.00000000,1514019599999,7.76088718,305,189013.00000000,3.29083791,0
2017-12-23 09:00:00,0.00001750,0.00001787,0.00001725,0.00001780,259937.00000000,1514023199999,4.56857231,232,137874.00000000,2.43225478,0
2017-12-23 10:00:00,0.00001780,0.00001907,0.00001780,0.00001907,525476.00000000,1514026799999,9.68499699,384,276491.00000000,5.11226863,0
2017-12-23 11:00:00,0.00001907,0.00001957,0.00001800,0.00001879,478549.00000000,1514030399999,9.04670027,412,264067.00000000,5.00541648,0
2017-12-23 12:00:00,0.00001879,0.00001899,0.00001850,0.00001892,216799.00000000,1514033999999,4.07193097,253,124710.00000000,2.34571971,0
2017-12-23 13:00:00,0.00001891,0.00001893,0.00001836,0.00001890,309941.00000000,1514037599999,5.78984057,273,128568.00000000,2.41524489,0
2017-12-23 14:00:00,0.00001890,0.00002180,0.00001890,0.00001955,2058512.00000000,1514041199999,42.33920192,1199,1124786.00000000,23.14855829,0
2017-12-23 15:00:00,0.00001955,0.00002070,0.00001950,0.00002043,631105.00000000,1514044799999,12.62985109,498,277349.00000000,5.58520259,0
2017-12-23 16:00:00,0.00002043,0.00002186,0.00002033,0.00002139,1682084.00000000,1514048399999,35.91327182,782,908440.00000000,19.43816308,0
2017-12-23 17:00:00,0.00002140,0.00002185,0.00002111,0.00002120,624587.00000000,1514051999999,13.46008127,521,346543.00000000,7.47741734,0
2017-12-23 18:00:00,0.00002128,0.00002128,0.00001922,0.00002068,655179.00000000,1514055599999,13.21151284,569,191689.00000000,3.88333664,0
2017-12-23 19:00:00,0.00002068,0.00002079,0.00001945,0.00002023,405258.00000000,1514059199999,8.15742265,373,194598.00000000,3.93893942,0
2017-12-23 20:00:00,0.00002023,0.00002050,0.00001981,0.00001984,382375.00000000,1514062799999,7.69597522,304,149288.00000000,3.00445226,0
2017-12-23 21:00:00,0.00001981,0.00002000,0.00001936,0.00001949,268868.00000000,1514066399999,5.28645883,275,125714.00000000,2.47546641,0
2017-12-23 22:00:00,0.00001948,0.00001988,0.00001930,0.00001955,194698.00000000,1514069999999,3.78631902,252,109422.00000000,2.12788166,0
2017-12-23 23:00:00,0.00001959,0.00001970,0.00001820,0.00001848,548227.00000000,1514073599999,10.51072428,471,264151.00000000,5.12090658,0
2017-12-24 00:00:00,0.00001849,0.00002000,0.00001810,0.00001933,597611.00000000,1514077199999,11.17647871,381,303214.00000000,5.74684648,0
2017-12-24 01:00:00,0.00001933,0.00001997,0.00001831,0.00001840,314556.00000000,1514080799999,5.99047479,266,133564.00000000,2.54680212,0
2017-12-24 02:00:00,0.00001867,0.00001874,0.00001613,0.00001714,1142936.00000000,1514084399999,19.92330067,397,128053.00000000,2.34700338,0
2017-12-24 03:00:00,0.00001621,0.00001849,0.00001621,0.00001849,411996.00000000,1514087999999,7.26635420,227,235945.00000000,4.15848041,0
2017-12-24 04:00:00,0.00001809,0.00001847,0.00001700,0.00001700,403686.00000000,1514091599999,7.11927602,211,73335.00000000,1.31272981,0
2017-12-24 05:00:00,0.00001707,0.00001782,0.00001704,0.00001729,219565.00000000,1514095199999,3.80235608,148,61580.00000000,1.07189203,0
2017-12-24 06:00:00,0.00001731,0.00001870,0.00001731,0.00001846,432572.00000000,1514098799999,7.85855951,246,228424.00000000,4.14894999,0
2017-12-24 07:00:00,0.00001845,0.00001924,0.00001830,0.00001899,208049.00000000,1514102399999,3.88986168,208,132345.00000000,2.47622530,0
2017-12-24 08:00:00,0.00001920,0.00001935,0.00001818,0.00001883,306275.00000000,1514105999999,5.83335979,210,149645.00000000,2.87329398,0
2017-12-24 09:00:00,0.00001884,0.00002046,0.00001884,0.00001959,390986.00000000,1514109599999,7.66180980,223,205258.00000000,4.01825840,0
2017-12-24 10:00:00,0.00001959,0.00002040,0.00001930,0.00001933,208400.00000000,1514113199999,4.06434836,192,71994.00000000,1.40827497,0
2017-12-24 11:00:00,0.00001933,0.00001934,0.00001822,0.00001832,322963.00000000,1514116799999,5.96701583,249,176003.00000000,3.24143800,0
2017-12-24 12:00:00,0.00001832,0.00001877,0.00001823,0.00001877,267024.00000000,1514120399999,4.91163173,147,159271.00000000,2.92992657,0
2017-12-24 13:00:00,0.00001876,0.00001912,0.00001876,0.00001898,172763.00000000,1514123999999,3.26888147,147,67733.00000000,1.28725036,0
2017-12-24 14:00:00,0.00001898,0.00001909,0.00001857,0.00001889,88759.00000000,1514127599999,1.67155983,111,48220.00000000,0.90846251,0
2017-12-24 15:00:00,0.00001889,0.00001918,0.00001872,0.00001900,167853.00000000,1514131199999,3.19136207,121,111805.00000000,2.12752703,0
2017-12-24 16:00:00,0.00001896,0.00001924,0.00001895,0.00001919,145862.00000000,1514134799999,2.78214544,153,64651.00000000,1.23688428,0
2017-12-24 17:00:00,0.00001901,0.00002000,0.00001901,0.00001972,266957.00000000,1514138399999,5.24417532,192,118704.00000000,2.33027307,0
2017-12-24 18:00:00,0.00001972,0.00001975,0.00001921,0.00001956,150703.00000000,1514141999999,2.94667321,100,48357.00000000,0.94559992,0
2017-12-24 19:00:00,0.00001936,0.00001963,0.00001900,0.00001932,117053.00000000,1514145599999,2.24511051,92,47062.00000000,0.90555647,0
2017-12-24 20:00:00,0.00001928,0.00001945,0.00001893,0.00001894,133679.00000000,1514149199999,2.56919977,93,79761.00000000,1.54107234,0
2017-12-24 21:00:00,0.00001894,0.00001914,0.00001851,0.00001851,318182.00000000,1514152799999,5.95741680,136,67069.00000000,1.26610181,0
2017-12-24 22:00:00,0.00001855,0.00001910,0.00001787,0.00001855,161808.00000000,1514156399999,2.96534196,164,38080.00000000,0.70070838,0
2017-12-24 23:00:00,0.00001855,0.00001894,0.00001824,0.00001869,102793.00000000,1514159999999,1.89544512,102,50404.00000000,0.93182985,0
2017-12-25 00:00:00,0.00001861,0.00001865,0.00001800,0.00001829,182328.00000000,1514163599999,3.34541116,145,57366.00000000,1.05783743,0
2017-12-25 01:00:00,0.00001811,0.00001842,0.00001804,0.00001842,192510.00000000,1514167199999,3.51447082,157,97453.00000000,1.78418809,0
2017-12-25 02:00:00,0.00001842,0.00001944,0.00001836,0.00001891,273834.00000000,1514170799999,5.17881407,208,141689.00000000,2.68299070,0
2017-12-25 03:00:00,0.00001918,0.00001981,0.00001902,0.00001981,223993.00000000,1514174399999,4.34443146,159,123319.00000000,2.39671465,0
2017-12-25 04:00:00,0.00001981,0.00001993,0.00001785,0.00001850,404140.00000000,1514177999999,7.54737703,244,138841.00000000,2.58516150,0
2017-12-25 05:00:00,0.00001851,0.00001860,0.00001836,0.00001843,136440.00000000,1514181599999,2.52255023,122,75885.00000000,1.40441114,0
2017-12-25 06:00:00,0.00001843,0.00001950,0.00001843,0.00001899,156564.00000000,1514185199999,2.96455865,163,103953.00000000,1.96863070,0
2017-12-25 07:00:00,0.00001883,0.00001930,0.00001866,0.00001868,241759.00000000,1514188799999,4.57283969,147,89289.00000000,1.69106546,0
2017-12-25 08:00:00,0.00001873,0.00001899,0.00001830,0.00001899,261329.00000000,1514192399999,4.85514668,183,98896.00000000,1.84395130,0
2017-12-25 09:00:00,0.00001894,0.00001894,0.00001831,0.00001875,195277.00000000,1514195999999,3.64737185,140,85008.00000000,1.59511332,0
2017-12-25 10:00:00,0.00001875,0.00001930,0.00001848,0.00001876,189514.00000000,1514199599999,3.55831121,142,60036.00000000,1.13041871,0
2017-12-25 11:00:00,0.00001876,0.00001876,0.00001848,0.00001858,158905.00000000,1514203199999,2.95070312,148,84920.00000000,1.57709484,0
2017-12-25 12:00:00,0.00001858,0.00001898,0.00001850,0.00001852,228669.00000000,1514206799999,4.27514059,168,127209.00000000,2.38280487,0
2017-12-25 13:00:00,0.00001887,0.00001895,0.00001835,0.00001854,194542.00000000,1514210399999,3.61205225,177,81150.00000000,1.50923982,0
2017-12-25 14:00:00,0.00001854,0.00001870,0.00001821,0.00001859,246428.00000000,1514213999999,4.51878519,190,97715.00000000,1.79730051,0
2017-12-25 15:00:00,0.00001831,0.00001869,0.00001819,0.00001836,158573.00000000,1514217599999,2.90424578,100,31247.00000000,0.57480707,0
2017-12-25 16:00:00,0.00001836,0.00001869,0.00001818,0.00001840,277666.00000000,1514221199999,5.10204526,265,138697.00000000,2.55615693,0
2017-12-25 17:00:00,0.00001839,0.00001839,0.00001789,0.00001810,481660.00000000,1514224799999,8.71728412,266,140002.00000000,2.53775311,0
2017-12-25 18:00:00,0.00001820,0.00001838,0.00001801,0.00001811,325345.00000000,1514228399999,5.92868070,178,162795.00000000,2.97322351,0
2017-12-25 19:00:00,0.00001811,0.00001829,0.00001780,0.00001793,370916.00000000,1514231999999,6.67179703,245,170103.00000000,3.06242195,0
2017-12-25 20:00:00,0.00001789,0.00001809,0.00001740,0.00001783,384055.00000000,1514235599999,6.78339492,300,84884.00000000,1.51176677,0
2017-12-25 21:00:00,0.00001781,0.00001800,0.00001750,0.00001800,265403.00000000,1514239199999,4.70919909,179,181352.00000000,3.22106740,0
2017-12-25 22:00:00,0.00001800,0.00001815,0.00001762,0.00001762,206410.00000000,1514242799999,3.69143718,185,82598.00000000,1.48628548,0
2017-12-25 23:00:00,0.00001762,0.00001779,0.00001685,0.00001700,407432.00000000,1514246399999,7.04058128,292,107287.00000000,1.85790448,0
2017-12-26 00:00:00,0.00001719,0.00001797,0.00001699,0.00001780,213177.00000000,1514249999999,3.68935781,165,164592.00000000,2.85236992,0
2017-12-26 01:00:00,0.00001795,0.00001810,0.00001738,0.00001780,187692.00000000,1514253599999,3.34129848,172,97897.00000000,1.74269830,0
2017-12-26 02:00:00,0.00001781,0.00001786,0.00001719,0.00001766,410163.00000000,1514257199999,7.17590952,257,244439.00000000,4.28171919,0
2017-12-26 03:00:00,0.00001766,0.00001796,0.00001700,0.00001725,427162.00000000,1514260799999,7.47865118,242,146389.00000000,2.57004534,0
2017-12-26 04:00:00,0.00001751,0.00001758,0.00001690,0.00001706,470555.00000000,1514264399999,8.03932225,192,65068.00000000,1.11969416,0
2017-12-26 05:00:00,0.00001691,0.00001691,0.00001434,0.00001525,916391.00000000,1514267999999,14.17840324,478,371054.00000000,5.67130044,0
2017-12-26 06:00:00,0.00001564,0.00001597,0.00001452,0.00001524,414805.00000000,1514271599999,6.37579735,272,233773.00000000,3.61382725,0
2017-12-26 07:00:00,0.00001524,0.00001600,0.00001502,0.00001507,306882.00000000,1514275199999,4.79713481,151,140788.00000000,2.20930348,0
2017-12-26 08:00:00,0.00001527,0.00001589,0.00001451,0.00001569,431322.00000000,1514278799999,6.53775074,194,158600.00000000,2.45422720,0
2017-12-26 09:00:00,0.00001569,0.00001589,0.00001510,0.00001510,148668.00000000,1514282399999,2.30408713,142,32646.00000000,0.50725987,0
2017-12-26 10:00:00,0.00001510,0.00001590,0.00001510,0.00001579,225277.00000000,1514285999999,3.48636342,231,131129.00000000,2.03443022,0
2017-12-26 11:00:00,0.00001579,0.00001597,0.00001536,0.00001571,117817.00000000,1514289599999,1.84088066,107,49776.00000000,0.78298384,0
2017-12-26 12:00:00,0.00001569,0.00001579,0.00001523,0.00001579,309718.00000000,1514293199999,4.77826742,143,89335.00000000,1.38707564,0
2017-12-26 13:00:00,0.00001578,0.00001580,0.00001538,0.00001542,158603.00000000,1514296799999,2.47183568,148,57116.00000000,0.89557928,0
2017-12-26 14:00:00,0.00001542,0.00001542,0.00001425,0.00001440,328433.00000000,1514300399999,4.89757998,269,150029.00000000,2.24159493,0
2017-12-26 15:00:00,0.00001439,0.00001492,0.00001429,0.00001465,163376.00000000,1514303999999,2.36216849,111,76374.00000000,1.10511548,0
2017-12-26 16:00:00,0.00001465,0.00001517,0.00001450,0.00001451,262691.00000000,1514307599999,3.86963338,171,119400.00000000,1.76751487,0
2017-12-26 17:00:00,0.00001482,0.00001518,0.00001453,0.00001518,252223.00000000,1514311199999,3.76474208,151,190340.00000000,2.84727352,0
2017-12-26 18:00:00,0.00001517,0.00001572,0.00001517,0.00001560,139148.00000000,1514314799999,2.15342657,133,85107.00000000,1.32081554,0
2017-12-26 19:00:00,0.00001560,0.00001568,0.00001533,0.00001540,118112.00000000,1514318399999,1.82284771,85,29439.00000000,0.45476747,0
2017-12-26 20:00:00,0.00001534,0.00001544,0.00001462,0.00001473,248352.00000000,1514321999999,3.69881765,141,47882.00000000,0.71271176,0
2017-12-26 21:00:00,0.00001473,0.00001530,0.00001473,0.00001500,158567.00000000,1514325599999,2.37446507,130,62394.00000000,0.93588533,0
2017-12-26 22:00:00,0.00001500,0.00001622,0.00001500,0.00001577,304997.00000000,1514329199999,4.80631520,196,126551.00000000,1.97223732,0
2017-12-26 23:00:00,0.00001577,0.00001614,0.00001570,0.00001580,242516.00000000,1514332799999,3.84576396,159,133462.00000000,2.12024784,0
2017-12-27 00:00:00,0.00001580,0.00001670,0.00001531,0.00001632,370907.00000000,1514336399999,5.98286202,230,148510.00000000,2.39490326,0
2017-12-27 01:00:00,0.00001633,0.00001647,0.00001537,0.00001544,156331.00000000,1514339999999,2.49408943,130,38796.00000000,0.61551810,0
2017-12-27 02:00:00,0.00001548,0.00001586,0.00001539,0.00001561,245794.00000000,1514343599999,3.84221787,115,62299.00000000,0.97901964,0
2017-12-27 03:00:00,0.00001562,0.00001588,0.00001540,0.00001554,158487.00000000,1514347199999,2.47306039,107,58944.00000000,0.92154332,0
2017-12-27 04:00:00,0.00001555,0.00001572,0.00001526,0.00001526,289518.00000000,1514350799999,4.47849013,147,123954.00000000,1.92258880,0
2017-12-27 05:00:00,0.00001526,0.00001599,0.00001505,0.00001588,319104.00000000,1514354399999,4.91195856,167,167186.00000000,2.56898155,0
2017-12-27 06:00:00,0.00001590,0.00001664,0.00001543,0.00001636,324452.00000000,1514357999999,5.23960519,242,150820.00000000,2.44132842,0
2017-12-27 07:00:00,0.00001630,0.00001811,0.00001630,0.00001800,802725.00000000,1514361599999,13.87667189,479,510874.00000000,8.86723786,0
2017-12-27 08:00:00,0.00001789,0.00001849,0.00001668,0.00001828,861072.00000000,1514365199999,15.37581048,560,506239.00000000,9.08353241,0
2017-12-27 09:00:00,0.00001806,0.00001895,0.00001700,0.00001781,1127617.00000000,1514368799999,20.60821478,731,580668.00000000,10.66693334,0
2017-12-27 10:00:00,0.00001787,0.00001789,0.00001688,0.00001720,326260.00000000,1514372399999,5.66620862,247,161201.00000000,2.81561417,0
2017-12-27 11:00:00,0.00001725,0.00001800,0.00001717,0.00001761,423524.00000000,1514375999999,7.51554638,305,172647.00000000,3.05970812,0
2017-12-27 12:00:00,0.00001761,0.00001868,0.00001758,0.00001829,542722.00000000,1514379599999,9.85386495,401,272229.00000000,4.95569737,0
2017-12-27 13:00:00,0.00001822,0.00001845,0.00001780,0.00001834,337923.00000000,1514383199999,6.11283309,273,162804.00000000,2.94640590,0
2017-12-27 14:00:00,0.00001834,0.00001950,0.00001810,0.00001888,921833.00000000,1514386799999,17.32712259,647,455731.00000000,8.60218668,0
2017-12-27 15:00:00,0.00001888,0.00001948,0.00001800,0.00001819,562054.00000000,1514390399999,10.46594170,385,253466.00000000,4.75718491,0
2017-12-27 16:00:00,0.00001800,0.00001917,0.00001797,0.00001873,435797.00000000,1514393999999,8.14535205,389,257958.00000000,4.81725900,0
2017-12-27 17:00:00,0.00001877,0.00001913,0.00001819,0.00001847,328094.00000000,1514397599999,6.11634699,276,144969.00000000,2.71588520,0
2017-12-27 18:00:00,0.00001847,0.00001949,0.00001802,0.00001872,545262.00000000,1514401199999,10.20078556,405,306620.00000000,5.76681302,0
2017-12-27 19:00:00,0.00001872,0.00001940,0.00001834,0.00001907,233402.00000000,1514404799999,4.42886978,224,98742.00000000,1.88187800,0
2017-12-27 20:00:00,0.00001900,0.00001945,0.00001870,0.00001890,232284.00000000,1514408399999,4.43224330,233,99192.00000000,1.89855829,0
2017-12-27 21:00:00,0.00001882,0.00001890,0.00001818,0.00001847,207761.00000000,1514411999999,3.86191045,236,103300.00000000,1.92062550,0
2017-12-27 22:00:00,0.00001847,0.00001847,0.00001724,0.00001754,214910.00000000,1514415599999,3.83962790,215,62729.00000000,1.12041260,0
2017-12-27 23:00:00,0.00001754,0.00001795,0.00001727,0.00001741,277378.00000000,1514419199999,4.84837415,218,89715.00000000,1.56786228,0
2017-12-28 00:00:00,0.00001730,0.00001750,0.00001701,0.00001750,246072.00000000,1514422799999,4.23133001,170,55373.00000000,0.95275466,0
2017-12-28 01:00:00,0.00001746,0.00001795,0.00001711,0.00001721,385792.00000000,1514426399999,6.71591407,274,152745.00000000,2.67324340,0
2017-12-28 02:00:00,0.00001721,0.00001743,0.00001620,0.00001649,432453.00000000,1514429999999,7.27757785,260,154790.00000000,2.59735989,0
2017-12-28 03:00:00,0.00001631,0.00001793,0.00001612,0.00001756,545738.00000000,1514433599999,9.08693391,208,432062.00000000,7.20179189,0
2017-12-28 04:00:00,0.00001754,0.00001784,0.00001662,0.00001688,249380.00000000,1514437199999,4.27375601,184,130362.00000000,2.23992672,0
2017-12-28 05:00:00,0.00001693,0.00001719,0.00001665,0.00001687,136930.00000000,1514440799999,2.32312513,133,86004.00000000,1.46517985,0
2017-12-28 06:00:00,0.00001689,0.00001718,0.00001687,0.00001708,128267.00000000,1514444399999,2.17982719,166,61825.00000000,1.05361736,0
2017-12-28 07:00:00,0.00001706,0.00001718,0.00001676,0.00001712,192751.00000000,1514447999999,3.27866291,73,84699.00000000,1.44274123,0
2017-12-28 08:00:00,0.00001705,0.00001712,0.00001621,0.00001688,219990.00000000,1514451599999,3.65215396,177,51406.00000000,0.85673015,0
2017-12-28 09:00:00,0.00001676,0.00001680,0.00001623,0.00001644,310366.00000000,1514455199999,5.08841802,179,104450.00000000,1.72000590,0
2017-12-28 10:00:00,0.00001657,0.00001716,0.00001637,0.00001688,262022.00000000,1514458799999,4.36048407,180,137450.00000000,2.28702048,0
2017-12-28 11:00:00,0.00001688,0.00001720,0.00001680,0.00001720,203222.00000000,1514462399999,3.46137136,105,123389.00000000,2.10737413,0
2017-12-28 12:00:00,0.00001720,0.00001796,0.00001717,0.00001719,125684.00000000,1514465999999,2.20417447,150,40207.00000000,0.70948124,0
2017-12-28 13:00:00,0.00001725,0.00001750,0.00001720,0.00001749,97690.00000000,1514469599999,1.69509948,72,64464.00000000,1.11931458,0
2017-12-28 14:00:00,0.00001743,0.00001768,0.00001721,0.00001751,162051.00000000,1514473199999,2.82139363,129,72847.00000000,1.26875060,0
2017-12-28 15:00:00,0.00001746,0.00001773,0.00001721,0.00001743,144390.00000000,1514476799999,2.52986810,114,59197.00000000,1.04292909,0
2017-12-28 16:00:00,0.00001741,0.00001769,0.00001728,0.00001748,104488.00000000,1514480399999,1.82314053,94,42855.00000000,0.74968608,0
2017-12-28 17:00:00,0.00001748,0.00001748,0.00001689,0.00001689,246378.00000000,1514483999999,4.23968970,178,67114.00000000,1.16023203,0
2017-12-28 18:00:00,0.00001724,0.00001748,0.00001685,0.00001748,232684.00000000,1514487599999,3.99220059,177,123970.00000000,2.13923634,0
2017-12-28 19:00:00,0.00001748,0.00001800,0.00001735,0.00001761,190474.00000000,1514491199999,3.35670623,133,125925.00000000,2.22328144,0
2017-12-28 20:00:00,0.00001760,0.00001830,0.00001740,0.00001795,229732.00000000,1514494799999,4.09246158,182,150596.00000000,2.68489811,0
2017-12-28 21:00:00,0.00001795,0.00001882,0.00001795,0.00001854,314427.00000000,1514498399999,5.81802007,183,241131.00000000,4.46907645,0
2017-12-28 22:00:00,0.00001882,0.00001887,0.00001855,0.00001887,241518.00000000,1514501999999,4.54012884,148,171589.00000000,3.22830635,0
2017-12-28 23:00:00,0.00001885,0.00001885,0.00001750,0.00001758,311903.00000000,1514505599999,5.78261439,192,142582.00000000,2.65475827,0
2017-12-29 00:00:00,0.00001775,0.00001886,0.00001764,0.00001881,323512.00000000,1514509199999,5.99311893,290,215169.00000000,3.98841770,0
2017-12-29 01:00:00,0.00001860,0.00001886,0.00001801,0.00001819,288471.00000000,1514512799999,5.35338619,253,167589.00000000,3.12519318,0
2017-12-29 02:00:00,0.00001817,0.00001852,0.00001776,0.00001837,205348.00000000,1514516399999,3.70144403,214,92501.00000000,1.67155762,0
2017-12-29 03:00:00,0.00001848,0.00001879,0.00001829,0.00001871,320781.00000000,1514519999999,5.91865246,186,63428.00000000,1.17658059,0
2017-12-29 04:00:00,0.00001871,0.00001882,0.00001849,0.00001879,168207.00000000,1514523599999,3.14502285,192,121247.00000000,2.26892392,0
2017-12-29 05:00:00,0.00001879,0.00001943,0.00001877,0.00001925,483144.00000000,1514527199999,9.23429247,339,352553.00000000,6.74808750,0
2017-12-29 06:00:00,0.00001925,0.00001930,0.00001864,0.00001926,272722.00000000,1514530799999,5.20480222,207,173955.00000000,3.33096496,0
2017-12-29 07:00:00,0.00001926,0.00001960,0.00001881,0.00001958,887728.00000000,1514534399999,17.18072079,323,594213.00000000,11.53384896,0
2017-12-29 08:00:00,0.00001958,0.00002050,0.00001958,0.00002014,562852.00000000,1514537999999,11.23127224,422,390622.00000000,7.79005930,0
2017-12-29 09:00:00,0.00002023,0.00002048,0.00001952,0.00001992,239165.00000000,1514541599999,4.76484761,208,76939.00000000,1.53634633,0
2017-12-29 10:00:00,0.00001992,0.00002048,0.00001992,0.00002023,399030.00000000,1514545199999,8.05558890,237,211704.00000000,4.27435941,0
2017-12-29 11:00:00,0.00002023,0.00002047,0.00001902,0.00001936,523357.00000000,1514548799999,10.29296120,350,220266.00000000,4.33538447,0
2017-12-29 12:00:00,0.00001936,0.00002000,0.00001904,0.00001955,431288.00000000,1514552399999,8.42991026,260,197742.00000000,3.87949435,0
2017-12-29 13:00:00,0.00001955,0.00001972,0.00001905,0.00001918,189413.00000000,1514555999999,3.66563272,203,72271.00000000,1.40561841,0
2017-12-29 14:00:00,0.00001918,0.00001998,0.00001912,0.00001994,342509.00000000,1514559599999,6.65791942,267,209671.00000000,4.07971223,0
2017-12-29 15:00:00,0.00001994,0.00001994,0.00001938,0.00001947,400676.00000000,1514563199999,7.85830454,219,111411.00000000,2.19195949,0
2017-12-29 16:00:00,0.00001946,0.00001959,0.00001911,0.00001949,289677.00000000,1514566799999,5.62492596,246,93876.00000000,1.82647427,0
2017-12-29 17:00:00,0.00001950,0.00002042,0.00001930,0.00001969,868300.00000000,1514570399999,17.20563646,405,316872.00000000,6.27549264,0
2017-12-29 18:00:00,0.00001964,0.00002048,0.00001937,0.00002030,293446.00000000,1514573999999,5.87632650,257,188468.00000000,3.77671943,0
2017-12-29 19:00:00,0.00002030,0.00002050,0.00002003,0.00002030,306465.00000000,1514577599999,6.21254111,222,177296.00000000,3.60408670,0
2017-12-29 20:00:00,0.00002030,0.00002042,0.00002028,0.00002042,149644.00000000,1514581199999,3.04412191,219,77493.00000000,1.57763775,0
2017-12-29 21:00:00,0.00002042,0.00002042,0.00001944,0.00001989,323982.00000000,1514584799999,6.48933725,301,150614.00000000,3.01331016,0
2017-12-29 22:00:00,0.00001989,0.00002010,0.00001940,0.00001941,128331.00000000,1514588399999,2.52288791,196,34413.00000000,0.67938584,0
2017-12-29 23:00:00,0.00001941,0.00001996,0.00001930,0.00001992,171726.00000000,1514591999999,3.36996341,180,86203.00000000,1.70540154,0
2017-12-30 00:00:00,0.00001992,0.00002047,0.00001912,0.00002031,415522.00000000,1514595599999,8.22589903,277,166884.00000000,3.33410462,0
2017-12-30 01:00:00,0.00002046,0.00002088,0.00002039,0.00002088,441018.00000000,1514599199999,9.07787412,286,242997.00000000,5.01151917,0
2017-12-30 02:00:00,0.00002090,0.00002195,0.00002011,0.00002123,656925.00000000,1514602799999,13.92737223,478,368216.00000000,7.84108649,0
2017-12-30 03:00:00,0.00002125,0.00002210,0.00002079,0.00002111,529713.00000000,1514606399999,11.49278660,318,285922.00000000,6.23453444,0
2017-12-30 04:00:00,0.00002111,0.00002122,0.00002054,0.00002065,431939.00000000,1514609999999,9.03221941,196,161081.00000000,3.38209833,0
2017-12-30 05:00:00,0.00002065,0.00002122,0.00002060,0.00002100,237362.00000000,1514613599999,4.95399680,157,105113.00000000,2.20083344,0
2017-12-30 06:00:00,0.00002100,0.00002350,0.00002095,0.00002338,627181.00000000,1514617199999,13.99500290,579,428812.00000000,9.58563735,0
2017-12-30 07:00:00,0.00002308,0.00002536,0.00002283,0.00002536,759921.00000000,1514620799999,18.29466117,795,540480.00000000,13.05039518,0
2017-12-30 08:00:00,0.00002526,0.00002770,0.00002351,0.00002432,2107841.00000000,1514624399999,54.82554200,1738,1013766.00000000,26.49519591,0
2017-12-30 09:00:00,0.00002431,0.00002530,0.00002427,0.00002490,450257.00000000,1514627999999,11.19516074,434,218442.00000000,5.44738506,0
2017-12-30 10:00:00,0.00002490,0.00002533,0.00002330,0.00002397,569398.00000000,1514631599999,13.83677648,487,262856.00000000,6.41930300,0
2017-12-30 11:00:00,0.00002397,0.00002700,0.00002363,0.00002665,884644.00000000,1514635199999,22.61039979,724,539927.00000000,13.88216075,0
2017-12-30 12:00:00,0.00002665,0.00002696,0.00002383,0.00002480,736362.00000000,1514638799999,18.85950583,518,293301.00000000,7.51872600,0
2017-12-30 13:00:00,0.00002485,0.00002600,0.00002351,0.00002446,632248.00000000,1514642399999,15.45102304,474,212336.00000000,5.22396635,0
2017-12-30 14:00:00,0.00002446,0.00002490,0.00002320,0.00002320,508463.00000000,1514645999999,12.26572062,465,208165.00000000,5.03703839,0
2017-12-30 15:00:00,0.00002320,0.00002390,0.00002288,0.00002331,383372.00000000,1514649599999,8.94607169,370,208316.00000000,4.86558446,0
2017-12-30 16:00:00,0.00002332,0.00002400,0.00002200,0.00002377,492825.00000000,1514653199999,11.37911968,420,154628.00000000,3.67194629,0
2017-12-30 17:00:00,0.00002382,0.00002392,0.00002310,0.00002343,327561.00000000,1514656799999,7.65259548,326,200333.00000000,4.67258304,0
2017-12-30 18:00:00,0.00002343,0.00002390,0.00002251,0.00002352,364236.00000000,1514660399999,8.47579891,447,211388.00000000,4.92290312,0
2017-12-30 19:00:00,0.00002344,0.00002740,0.00002344,0.00002531,1197374.00000000,1514663999999,30.84745308,869,584333.00000000,15.09058668,0
2017-12-30 20:00:00,0.00002533,0.00002699,0.00002486,0.00002680,829903.00000000,1514667599999,21.61634912,518,341099.00000000,8.87241063,0
2017-12-30 21:00:00,0.00002680,0.00002990,0.00002560,0.00002730,2186285.00000000,1514671199999,61.60760969,1282,994238.00000000,28.10669326,0
2017-12-30 22:00:00,0.00002730,0.00002900,0.00002659,0.00002777,703482.00000000,1514674799999,19.77215734,701,388241.00000000,10.92559852,0
2017-12-30 23:00:00,0.00002804,0.00002868,0.00002700,0.00002720,548998.00000000,1514678399999,15.09515865,598,232346.00000000,6.40428139,0
2017-12-31 00:00:00,0.00002720,0.00002840,0.00002700,0.00002761,673080.00000000,1514681999999,18.61717363,589,274730.00000000,7.61030931,0
2017-12-31 01:00:00,0.00002761,0.00002791,0.00002675,0.00002739,289634.00000000,1514685599999,7.94430389,334,148383.00000000,4.08392666,0
2017-12-31 02:00:00,0.00002744,0.00003097,0.00002738,0.00002817,1696309.00000000,1514689199999,49.81010476,1220,792738.00000000,23.33025511,0
2017-12-31 03:00:00,0.00002819,0.00003100,0.00002809,0.00002893,1196518.00000000,1514692799999,35.37888814,776,522306.00000000,15.44003880,0
2017-12-31 04:00:00,0.00002893,0.00002900,0.00002599,0.00002633,1019091.00000000,1514696399999,27.72414737,961,410990.00000000,11.19441993,0
2017-12-31 05:00:00,0.00002633,0.00002813,0.00002590,0.00002813,645484.00000000,1514699999999,17.44765427,737,353174.00000000,9.57085339,0
2017-12-31 06:00:00,0.00002815,0.00003111,0.00002670,0.00003088,839766.00000000,1514703599999,24.36247200,653,612089.00000000,17.96897567,0
2017-12-31 07:00:00,0.00003027,0.00003151,0.00002921,0.00003138,909268.00000000,1514707199999,27.95564756,593,611725.00000000,18.91350440,0
2017-12-31 08:00:00,0.00003138,0.00003317,0.00003009,0.00003076,1097318.00000000,1514710799999,34.65920543,788,574547.00000000,18.31405306,0
2017-12-31 09:00:00,0.00003080,0.00003383,0.00003010,0.00003248,715281.00000000,1514714399999,23.25456567,596,306442.00000000,9.97468805,0
2017-12-31 10:00:00,0.00003197,0.00003242,0.00003167,0.00003185,223539.00000000,1514717999999,7.13973086,340,60201.00000000,1.92566176,0
2017-12-31 11:00:00,0.00003185,0.00003199,0.00003085,0.00003160,313858.00000000,1514721599999,9.87700016,458,143562.00000000,4.51929325,0
2017-12-31 12:00:00,0.00003161,0.00003200,0.00002944,0.00002987,524651.00000000,1514725199999,16.17128469,549,158409.00000000,4.89580056,0
2017-12-31 13:00:00,0.00002987,0.00002993,0.00002907,0.00002983,477299.00000000,1514728799999,14.16353004,651,239620.00000000,7.13772136,0
2017-12-31 14:00:00,0.00002982,0.00003018,0.00002900,0.00002950,751802.00000000,1514732399999,22.16884715,743,317240.00000000,9.40465513,0
2017-12-31 15:00:00,0.00002951,0.00003136,0.00002933,0.00003003,591967.00000000,1514735999999,17.83225849,822,283707.00000000,8.57389563,0
2017-12-31 16:00:00,0.00003006,0.00003199,0.00002774,0.00002963,1053745.00000000,1514739599999,31.70194350,966,437841.00000000,13.26805155,0
2017-12-31 17:00:00,0.00002963,0.00002968,0.00002788,0.00002899,455282.00000000,1514743199999,12.95035764,630,172578.00000000,4.91217256,0
2017-12-31 18:00:00,0.00002898,0.00003045,0.00002870,0.00002964,342565.00000000,1514746799999,10.12689709,499,173555.00000000,5.12757443,0
2017-12-31 19:00:00,0.00002960,0.00002960,0.00002795,0.00002850,414086.00000000,1514750399999,11.84834593,611,175661.00000000,5.03266371,0
2017-12-31 20:00:00,0.00002850,0.00002879,0.00002771,0.00002792,183094.00000000,1514753999999,5.16197635,237,59227.00000000,1.67689963,0
2017-12-31 21:00:00,0.00002776,0.00002802,0.00002680,0.00002717,423292.00000000,1514757599999,11.53310346,460,204909.00000000,5.57586460,0
2017-12-31 22:00:00,0.00002718,0.00002862,0.00002718,0.00002813,278931.00000000,1514761199999,7.75925626,378,130827.00000000,3.63396503,0
2017-12-31 23:00:00,0.00002796,0.00002898,0.00002796,0.00002849,227937.00000000,1514764799999,6.41955038,308,92471.00000000,2.61138702,0
2018-01-01 00:00:00,0.00002872,0.00002950,0.00002695,0.00002760,296576.00000000,1514768399999,8.24512705,394,131348.00000000,3.65269972,0
