Date,Open,High,Low,Close,Volume
2017-12-05 11:00:00,0.00030000,0.00030000,0.00011500,0.00030000,2821.00000000,1512475199999,0.80962000,23,2629.00000000,0.78741000,7960000.00000000
2017-12-05 12:00:00,0.00031000,0.00450000,0.00012800,0.00016002,132933.00000000,1512478799999,76.81371296,2060,72822.00000000,45.44760001,8144161.27070000
2017-12-05 13:00:00,0.00016002,0.00016002,0.00005600,0.00005810,499642.00000000,1512482399999,47.03717849,1220,197267.00000000,18.82885157,8723084.04700000
2017-12-05 14:00:00,0.00005812,0.00007400,0.00004400,0.00004851,1842406.00000000,1512485999999,107.91590074,1865,802108.00000000,47.32998542,10342467.48830000
2017-12-05 15:00:00,0.00004979,0.00005189,0.00003015,0.00004147,2374089.00000000,1512489599999,86.51656322,1819,1008235.00000000,36.37176146,12258876.39278000
2017-12-05 16:00:00,0.00004099,0.00005299,0.00003980,0.00004366,2616707.00000000,1512493199999,119.13172250,2025,1292099.00000000,59.28733010,13205878.34398000
2017-12-05 17:00:00,0.00004366,0.00004950,0.00004335,0.00004350,1284723.00000000,1512496799999,60.09177763,1058,510329.00000000,23.80535322,14687841.12478000
2017-12-05 18:00:00,0.00004350,0.00004386,0.00003066,0.00003066,1560353.00000000,1512500399999,58.39301807,1119,409639.00000000,15.87996154,15427246.83418000
2017-12-05 19:00:00,0.00003060,0.00004200,0.00002700,0.00003080,1196543.00000000,1512503999999,39.99158784,839,478426.00000000,16.60602725,15980410.94288000
2017-12-05 20:00:00,0.00003081,0.00003456,0.00002804,0.00003004,858740.00000000,1512507599999,26.16152229,515,391541.00000000,12.03568345,16565267.57738000
2017-12-05 21:00:00,0.00003015,0.00003180,0.00002902,0.00003026,370170.00000000,1512511199999,11.25553715,267,212238.00000000,6.45355670,16770490.77408000
2017-12-05 22:00:00,0.00003026,0.00003494,0.00003002,0.00003329,543068.00000000,1512514799999,17.56433979,391,291196.00000000,9.42720066,16936278.77408000
2017-12-05 23:00:00,0.00003328,0.00003604,0.00003267,0.00003388,468845.00000000,1512518399999,16.07235786,444,260188.00000000,8.96195374,17275155.11568000
2017-12-06 00:00:00,0.00003400,0.00003485,0.00003100,0.00003163,659894.00000000,1512521999999,21.79419258,430,284276.00000000,9.44645061,17806333.56028000
2017-12-06 01:00:00,0.00003163,0.00003300,0.00003037,0.00003169,288492.00000000,1512525599999,9.16346142,210,91674.00000000,2.92770041,17938263.54228000
2017-12-06 02:00:00,0.00003168,0.00003168,0.00003000,0.00003059,341776.00000000,1512529199999,10.49638765,251,135750.00000000,4.21087205,18145723.94918000
2017-12-06 03:00:00,0.00003101,0.00003110,0.00002999,0.00003106,366946.00000000,1512532799999,11.17035173,260,101155.00000000,3.11681325,19843232.88718000
2017-12-06 04:00:00,0.00003106,0.00003600,0.00003106,0.00003400,919911.00000000,1512536399999,30.88156257,539,484955.00000000,16.28995590,20105184.75978000
2017-12-06 05:00:00,0.00003301,0.00003400,0.00003181,0.00003343,629469.00000000,1512539999999,20.76211135,469,245065.00000000,8.11040386,20334025.31978000
2017-12-06 06:00:00,0.00003333,0.00003395,0.00003111,0.00003177,627024.00000000,1512543599999,20.48380052,391,260290.00000000,8.56778526,20527594.62578000
2017-12-06 07:00:00,0.00003177,0.00003222,0.00003044,0.00003104,339532.00000000,1512547199999,10.50491251,231,173332.00000000,5.36903325,20707592.20148000
2017-12-06 08:00:00,0.00003136,0.00003137,0.00003014,0.00003059,332910.00000000,1512550799999,10.17902576,296,149589.00000000,4.58085295,20798934.11721300
2017-12-06 09:00:00,0.00003021,0.00003102,0.00002995,0.00002995,414200.00000000,1512554399999,12.55743469,343,144992.00000000,4.41981995,20989816.10624630
2017-12-06 10:00:00,0.00003013,0.00003020,0.00002700,0.00002801,891399.00000000,1512557999999,25.85438875,423,432100.00000000,12.61017014,21271276.66044630
2017-12-06 11:00:00,0.00002751,0.00002801,0.00001000,0.00001150,8193580.00000000,1512561599999,128.61048670,1799,3502465.00000000,55.32172511,30372915.43864630
2017-12-06 12:00:00,0.00001150,0.00001700,0.00001140,0.00001600,5814792.00000000,1512565199999,79.75170903,1556,2861302.00000000,38.94390040,34684700.36724630
2017-12-06 13:00:00,0.00001620,0.00002200,0.00001500,0.00001895,4739825.00000000,1512568799999,85.66234715,1608,2339731.00000000,42.62185129,38388951.52304630
2017-12-06 14:00:00,0.00001900,0.00002049,0.00001550,0.00001613,3596132.00000000,1512572399999,63.54067547,1264,1443802.00000000,25.46453065,41865743.30914629
2017-12-06 15:00:00,0.00001640,0.00001650,0.00001400,0.00001570,2874989.00000000,1512575999999,43.81391106,940,1352733.00000000,20.68211980,45091011.34924629
2017-12-06 16:00:00,0.00001571,0.00001589,0.00001413,0.00001465,1805409.00000000,1512579599999,26.88041970,721,802273.00000000,11.91701415,49750995.93384629
2017-12-06 17:00:00,0.00001451,0.00001480,0.00001322,0.00001322,950732.00000000,1512583199999,13.34211077,439,271294.00000000,3.85940434,51903505.70844629
2017-12-06 18:00:00,0.00001321,0.00001500,0.00001300,0.00001467,1066111.00000000,1512586799999,14.71272058,355,478875.00000000,6.60531748,53145946.10764629
2017-12-06 19:00:00,0.00001467,0.00001490,0.00001312,0.00001370,917792.00000000,1512590399999,12.60491799,303,330028.00000000,4.54054396,53734793.43314629
2017-12-06 20:00:00,0.00001370,0.00001385,0.00001324,0.00001370,318590.00000000,1512593999999,4.29218392,141,107329.00000000,1.45436366,53798795.05414629
2017-12-06 21:00:00,0.00001370,0.00001370,0.00001304,0.00001340,201902.00000000,1512597599999,2.70778039,96,32193.00000000,0.43687003,54045118.88014629
2017-12-06 22:00:00,0.00001338,0.00001340,0.00001258,0.00001258,487014.00000000,1512601199999,6.31954362,212,142219.00000000,1.86044002,54727912.09344629
2017-12-06 23:00:00,0.00001256,0.00001359,0.00001240,0.00001293,664170.00000000,1512604799999,8.61478096,258,421392.00000000,5.46846132,54913232.70674629
2017-12-07 00:00:00,0.00001293,0.00001315,0.00001150,0.00001180,1217058.00000000,1512608399999,14.73440903,445,329624.00000000,3.97004962,54850374.18784629
2017-12-07 01:00:00,0.00001179,0.00001387,0.00001150,0.00001289,987774.00000000,1512611999999,12.59720842,429,508026.00000000,6.57645898,55675291.45634629
2017-12-07 02:00:00,0.00001290,0.00001324,0.00001215,0.00001298,863661.00000000,1512615599999,11.01634947,338,362783.00000000,4.64252866,58513838.70494628
2017-12-07 03:00:00,0.00001282,0.00001295,0.00001230,0.00001250,1617621.00000000,1512619199999,20.17613848,393,684170.00000000,8.57696080,59986352.94154628
2017-12-07 04:00:00,0.00001250,0.00001268,0.00001222,0.00001223,829436.00000000,1512622799999,10.26643590,310,313835.00000000,3.90904214,61541046.40194628
2017-12-07 05:00:00,0.00001236,0.00001236,0.00001178,0.00001200,1152526.00000000,1512626399999,13.87912468,365,312701.00000000,3.75510364,61672530.09374628
2017-12-07 06:00:00,0.00001205,0.00001205,0.00001181,0.00001181,443131.00000000,1512629999999,5.30276095,151,293253.00000000,3.52063757,61854561.76394628
2017-12-07 07:00:00,0.00001182,0.00001225,0.00001182,0.00001201,762536.00000000,1512633599999,9.18325072,314,317211.00000000,3.83437548,63050963.72164628
2017-12-07 08:00:00,0.00001203,0.00001330,0.00001203,0.00001267,1369407.00000000,1512637199999,17.43922287,549,672272.00000000,8.51895177,64112638.52455724
2017-12-07 09:00:00,0.00001267,0.00001360,0.00001266,0.00001307,1054438.00000000,1512640799999,13.77844890,513,476057.00000000,6.21583848,65566037.30404627
2017-12-07 10:00:00,0.00001307,0.00001325,0.00001250,0.00001282,768394.00000000,1512644399999,9.88307695,363,235856.00000000,3.07738573,66959740.00934627
2017-12-07 11:00:00,0.00001290,0.00001313,0.00001280,0.00001310,1049680.00000000,1512647999999,13.63157220,461,659213.00000000,8.57803339,68012386.48934627
2017-12-07 12:00:00,0.00001310,0.00001314,0.00001272,0.00001279,594138.00000000,1512651599999,7.66730898,275,302792.00000000,3.91860609,69029561.78044627
2017-12-07 13:00:00,0.00001279,0.00001293,0.00001217,0.00001220,783634.00000000,1512655199999,9.80333758,349,95529.00000000,1.19925714,69743533.83894627
2017-12-07 14:00:00,0.00001217,0.00001240,0.00001181,0.00001185,1494270.00000000,1512658799999,17.92978089,354,596971.00000000,7.16186839,70849682.16974627
2017-12-07 15:00:00,0.00001187,0.00001187,0.00001061,0.00001085,1421511.00000000,1512662399999,15.80575952,480,605344.00000000,6.69609004,71958615.67284627
2017-12-07 16:00:00,0.00001086,0.00001086,0.00001011,0.00001084,923468.00000000,1512665999999,9.66123889,425,438191.00000000,4.58424466,72374224.36054627
2017-12-07 17:00:00,0.00001084,0.00001149,0.00001040,0.00001140,546083.00000000,1512669599999,5.92509783,261,348730.00000000,3.82392943,72815154.32394627
2017-12-07 18:00:00,0.00001113,0.00001134,0.00001069,0.00001095,172745.00000000,1512673199999,1.89983980,131,63876.00000000,0.71009533,73783525.59579099
2017-12-07 19:00:00,0.00001095,0.00001110,0.00001076,0.00001106,127991.00000000,1512676799999,1.40454161,61,54969.00000000,0.60416519,78100552.32829099
2017-12-07 20:00:00,0.00001097,0.00001120,0.00001074,0.00001099,138985.00000000,1512680399999,1.52782508,66,62678.00000000,0.69488452,78178694.04029099
2017-12-07 21:00:00,0.00001082,0.00001090,0.00001031,0.00001064,167994.00000000,1512683999999,1.77572472,99,33784.00000000,0.35800995,78412027.23109099
2017-12-07 22:00:00,0.00001064,0.00001075,0.00001024,0.00001026,379819.00000000,1512687599999,3.96503375,105,152882.00000000,1.61904741,78683006.01399099
2017-12-07 23:00:00,0.00001026,0.00001034,0.00000966,0.00000981,920141.00000000,1512691199999,9.20395291,286,272180.00000000,2.71365422,79312239.03849099
2017-12-08 00:00:00,0.00000981,0.00000981,0.00000765,0.00000774,1828952.00000000,1512694799999,15.69708127,481,582593.00000000,5.15581493,79848617.47309099
2017-12-08 01:00:00,0.00000774,0.00000775,0.00000745,0.00000773,1345524.00000000,1512698399999,10.19896497,402,831325.00000000,6.31724856,80155372.37399099
2017-12-08 02:00:00,0.00000772,0.00000898,0.00000768,0.00000830,779159.00000000,1512701999999,6.33885739,373,512493.00000000,4.14567513,80928191.43469099
2017-12-08 03:00:00,0.00000812,0.00001120,0.00000805,0.00000970,1306145.00000000,1512705599999,12.69619877,504,674143.00000000,6.47579031,81949881.95689099
2017-12-08 04:00:00,0.00000969,0.00000995,0.00000902,0.00000995,622131.00000000,1512709199999,5.96452256,344,363837.00000000,3.51023235,82304902.57519099
2017-12-08 05:00:00,0.00000994,0.00001056,0.00000960,0.00000972,641185.00000000,1512712799999,6.34434659,306,303856.00000000,3.02429314,83321454.84689099
2017-12-08 06:00:00,0.00000964,0.00000974,0.00000850,0.00000905,354667.00000000,1512716399999,3.30821788,222,102373.00000000,0.96355655,83662101.64509250
2017-12-08 07:00:00,0.00000901,0.00000930,0.00000871,0.00000910,452941.00000000,1512719999999,4.08423202,209,294477.00000000,2.66198931,84102571.09919250
2017-12-08 08:00:00,0.00000910,0.00000944,0.00000850,0.00000940,665166.00000000,1512723599999,6.11921016,285,403522.00000000,3.74167875,84352710.10889250
2017-12-08 09:00:00,0.00000940,0.00000949,0.00000913,0.00000920,653655.00000000,1512727199999,6.12535671,290,423653.00000000,3.98735593,84715574.90909250
2017-12-08 10:00:00,0.00000945,0.00000961,0.00000920,0.00000960,1369905.00000000,1512730799999,12.93653198,467,714863.00000000,6.76701796,85372957.45609250
2017-12-08 11:00:00,0.00000961,0.00001038,0.00000910,0.00000961,1880308.00000000,1512734399999,18.48160367,562,751534.00000000,7.41508229,85406033.66969250
2017-12-08 12:00:00,0.00000961,0.00000974,0.00000932,0.00000958,1774270.00000000,1512737999999,16.95578628,399,743072.00000000,7.13348948,85811750.57869250
2017-12-08 13:00:00,0.00000956,0.00000966,0.00000952,0.00000966,1374943.00000000,1512741599999,13.17005501,418,487337.00000000,4.67527760,85986632.02169250
2017-12-08 14:00:00,0.00000966,0.00000990,0.00000959,0.00000988,1543277.00000000,1512745199999,14.99502273,569,404585.00000000,3.93757103,86144353.40169250
2017-12-08 15:00:00,0.00000988,0.00001047,0.00000988,0.00001038,1814167.00000000,1512748799999,18.63353002,619,705032.00000000,7.22588366,86411335.61979250
2017-12-08 16:00:00,0.00001036,0.00001051,0.00000986,0.00001042,1174152.00000000,1512752399999,12.07844635,460,439218.00000000,4.56411721,86827053.15219099
2017-12-08 17:00:00,0.00001043,0.00001049,0.00001022,0.00001049,1072771.00000000,1512755999999,11.11729174,425,334195.00000000,3.47362452,86903149.80519099
2017-12-08 18:00:00,0.00001043,0.00001060,0.00001043,0.00001055,1110331.00000000,1512759599999,11.73955904,256,445759.00000000,4.71428658,88154591.58249099
2017-12-08 19:00:00,0.00001053,0.00001055,0.00001035,0.00001039,1821564.00000000,1512763199999,18.96477488,381,591014.00000000,6.16017054,88196488.28249099
2017-12-08 20:00:00,0.00001040,0.00001042,0.00001036,0.00001038,1214353.00000000,1512766799999,12.61902557,243,419555.00000000,4.36288933,88265699.28249099
2017-12-08 21:00:00,0.00001038,0.00001041,0.00001000,0.00001002,1711742.00000000,1512770399999,17.60289879,384,518294.00000000,5.33668799,88605029.19799099
2017-12-08 22:00:00,0.00001002,0.00001037,0.00000988,0.00001011,1537060.00000000,1512773999999,15.40706279,317,535315.00000000,5.38531622,88619880.83999099
2017-12-08 23:00:00,0.00001016,0.00001016,0.00000980,0.00001000,1235091.00000000,1512777599999,12.30159539,350,385837.00000000,3.85859007,88630135.87899099
2017-12-09 00:00:00,0.00001005,0.00001023,0.00000990,0.00001010,1102472.00000000,1512781199999,11.05294386,464,341193.00000000,3.42512616,88838804.00430737
2017-12-09 01:00:00,0.00001011,0.00001023,0.00001005,0.00001023,1269851.00000000,1512784799999,12.83781131,426,463679.00000000,4.69780084,89119715.61460737
2017-12-09 02:00:00,0.00001025,0.00001039,0.00001021,0.00001039,1088522.00000000,1512788399999,11.20722916,417,378614.00000000,3.90279761,89303475.52060737
2017-12-09 03:00:00,0.00001038,0.00001100,0.00001038,0.00001100,906159.00000000,1512791999999,9.62405679,397,538274.00000000,5.72539637,90406708.36930737
2017-12-09 04:00:00,0.00001100,0.00001300,0.00001092,0.00001238,2957153.00000000,1512795599999,35.77116948,1126,1640418.00000000,19.84545946,90859725.22650737
2017-12-09 05:00:00,0.00001241,0.00001370,0.00001236,0.00001350,2106817.00000000,1512799199999,27.34177429,882,1141565.00000000,14.83641705,91385889.33477672
2017-12-09 06:00:00,0.00001350,0.00001418,0.00001300,0.00001381,2578984.00000000,1512802799999,34.80072299,1081,924110.00000000,12.50664744,91863717.50645427
2017-12-09 07:00:00,0.00001386,0.00001399,0.00001289,0.00001329,2924400.00000000,1512806399999,39.26841600,1057,966410.00000000,12.98286874,92276576.15645227
2017-12-09 08:00:00,0.00001332,0.00001390,0.00001319,0.00001388,2190761.00000000,1512809999999,29.57382665,733,868798.00000000,11.74016673,93395409.67164827
2017-12-09 09:00:00,0.00001388,0.00001430,0.00001383,0.00001383,2748091.00000000,1512813599999,38.71540890,977,1128275.00000000,15.88397280,93842515.62489627
2017-12-09 10:00:00,0.00001398,0.00001577,0.00001387,0.00001575,3156035.00000000,1512817199999,46.15111955,1218,1509812.00000000,22.14287193,94961300.30529627
2017-12-09 11:00:00,0.00001561,0.00001983,0.00001511,0.00001956,5371165.00000000,1512820799999,91.44848553,2196,2733287.00000000,46.75671596,95996834.98189627
2017-12-09 12:00:00,0.00001956,0.00002145,0.00001610,0.00001701,14391693.00000000,1512824399999,260.32069827,4190,6604239.00000000,120.06298702,97310486.83461923
2017-12-09 13:00:00,0.00001705,0.00001801,0.00001665,0.00001684,4368372.00000000,1512827999999,75.93655228,1466,1884780.00000000,32.94472076,98277435.04751923
2017-12-09 14:00:00,0.00001684,0.00001718,0.00001620,0.00001682,1832948.00000000,1512831599999,30.71909523,780,918769.00000000,15.43070992,99351493.60321923
2017-12-09 15:00:00,0.00001682,0.00001775,0.00001630,0.00001731,2035765.00000000,1512835199999,34.68755354,964,979259.00000000,16.69479096,100468061.89371923
2017-12-09 16:00:00,0.00001736,0.00001777,0.00001676,0.00001686,1448981.00000000,1512838799999,25.17600834,781,542110.00000000,9.45582104,100492665.15308565
2017-12-09 17:00:00,0.00001686,0.00001760,0.00001500,0.00001502,2616470.00000000,1512842399999,42.22273894,999,807970.00000000,13.28326344,100969455.90998565
2017-12-09 18:00:00,0.00001509,0.00001603,0.00001509,0.00001571,862426.00000000,1512845999999,13.55158211,415,376717.00000000,5.94021566,101534761.12298565
2017-12-09 19:00:00,0.00001577,0.00001699,0.00001571,0.00001679,502444.00000000,1512849599999,8.29312024,318,293535.00000000,4.83471582,101747148.63498565
2017-12-09 20:00:00,0.00001670,0.00001725,0.00001630,0.00001725,462926.00000000,1512853199999,7.74491633,307,328642.00000000,5.53568330,101969488.82978565
2017-12-09 21:00:00,0.00001725,0.00001740,0.00001650,0.00001700,516068.00000000,1512856799999,8.80353125,279,188847.00000000,3.25243776,102150038.38078565
2017-12-09 22:00:00,0.00001652,0.00001698,0.00001574,0.00001598,527380.00000000,1512860399999,8.52097290,314,214201.00000000,3.45675325,102266714.83078565
2017-12-09 23:00:00,0.00001598,0.00001678,0.00001580,0.00001625,633955.00000000,1512863999999,10.36829429,343,301049.00000000,4.94682863,102336279.34578565
2017-12-10 00:00:00,0.00001620,0.00001684,0.00001620,0.00001674,432311.00000000,1512867599999,7.19698761,299,242881.00000000,4.05461348,102539746.55267375
2017-12-10 01:00:00,0.00001643,0.00001674,0.00001590,0.00001631,1019957.00000000,1512871199999,16.60311437,451,426090.00000000,6.94611094,103113433.22062125
2017-12-10 02:00:00,0.00001632,0.00001655,0.00001605,0.00001650,519919.00000000,1512874799999,8.48419993,344,221545.00000000,3.62974568,103260663.60282125
2017-12-10 03:00:00,0.00001641,0.00001649,0.00001611,0.00001614,593844.00000000,1512878399999,9.66082073,379,157827.00000000,2.57538582,104042003.56062125
2017-12-10 04:00:00,0.00001608,0.00001613,0.00001525,0.00001575,1337606.00000000,1512881999999,20.94576846,538,540914.00000000,8.45998467,110507076.83862125
2017-12-10 05:00:00,0.00001561,0.00001588,0.00001556,0.00001588,591731.00000000,1512885599999,9.29868650,301,241458.00000000,3.80683335,111392273.39352125
2017-12-10 06:00:00,0.00001587,0.00001770,0.00001574,0.00001685,1853222.00000000,1512889199999,31.14860935,857,915381.00000000,15.35824747,112617457.77452125
2017-12-10 07:00:00,0.00001699,0.00001735,0.00001679,0.00001713,1165339.00000000,1512892799999,19.90008880,453,551809.00000000,9.42552501,113424804.16317281
2017-12-10 08:00:00,0.00001710,0.00001725,0.00001685,0.00001698,697214.00000000,1512896399999,11.88006085,281,255303.00000000,4.35200599,115475859.64197226
2017-12-10 09:00:00,0.00001700,0.00001720,0.00001690,0.00001704,671969.00000000,1512899999999,11.44504448,265,260231.00000000,4.44610742,115649646.78367226
2017-12-10 10:00:00,0.00001704,0.00001704,0.00001653,0.00001660,747979.00000000,1512903599999,12.56277798,275,86648.00000000,1.45087435,115844395.60167226
2017-12-10 11:00:00,0.00001660,0.00001675,0.00001650,0.00001654,365443.00000000,1512907199999,6.05795711,209,53002.00000000,0.88117663,116138350.05117226
2017-12-10 12:00:00,0.00001654,0.00001690,0.00001650,0.00001672,503825.00000000,1512910799999,8.40228874,196,218664.00000000,3.64976936,116560494.10787226
2017-12-10 13:00:00,0.00001679,0.00001679,0.00001526,0.00001526,1239748.00000000,1512914399999,19.86497356,551,216207.00000000,3.44476188,116974331.17097226
2017-12-10 14:00:00,0.00001549,0.00001549,0.00001368,0.00001469,2573876.00000000,1512917999999,37.11449021,1016,943833.00000000,13.59134271,117163086.75847226
2017-12-10 15:00:00,0.00001467,0.00001600,0.00001451,0.00001501,1435727.00000000,1512921599999,21.71773392,557,514996.00000000,7.84180973,117752660.82157226
2017-12-10 16:00:00,0.00001501,0.00001528,0.00001475,0.00001487,641572.00000000,1512925199999,9.59248147,396,310297.00000000,4.65198855,118172905.53887226
2017-12-10 17:00:00,0.00001499,0.00001550,0.00001490,0.00001545,365962.00000000,1512928799999,5.53983623,190,234814.00000000,3.56044948,118497792.59287226
2017-12-10 18:00:00,0.00001545,0.00001545,0.00001510,0.00001520,203670.00000000,1512932399999,3.11813305,136,133112.00000000,2.04475334,118539741.78797226
2017-12-10 19:00:00,0.00001523,0.00001525,0.00001500,0.00001500,97339.00000000,1512935999999,1.47658508,72,18301.00000000,0.27836629,118549526.34217226
2017-12-10 20:00:00,0.00001500,0.00001500,0.00001468,0.00001470,180016.00000000,1512939599999,2.66374892,78,107204.00000000,1.58395219,118669550.34917226
2017-12-10 21:00:00,0.00001468,0.00001487,0.00001454,0.00001484,134466.00000000,1512943199999,1.97677229,83,112756.00000000,1.65895312,118738519.18917226
2017-12-10 22:00:00,0.00001484,0.00001515,0.00001471,0.00001486,53233.00000000,1512946799999,0.79502342,63,22132.00000000,0.33182518,118842894.52437226
2017-12-10 23:00:00,0.00001485,0.00001497,0.00001445,0.00001460,179167.00000000,1512950399999,2.61510322,106,34654.00000000,0.50928827,118969311.23567226
2017-12-11 00:00:00,0.00001466,0.00001500,0.00001465,0.00001488,264985.00000000,1512953999999,3.94854470,107,139292.00000000,2.08131702,119094978.72247226
2017-12-11 01:00:00,0.00001488,0.00001488,0.00001401,0.00001401,667554.00000000,1512957599999,9.61776998,253,265232.00000000,3.83559844,119141034.56597226
2017-12-11 02:00:00,0.00001401,0.00001425,0.00001380,0.00001408,524877.00000000,1512961199999,7.38948041,256,199972.00000000,2.83308865,120112242.46087226
2017-12-11 03:00:00,0.00001409,0.00001409,0.00001301,0.00001340,1703032.00000000,1512964799999,22.87713915,783,750175.00000000,10.05095026,120550370.71187226
2017-12-11 04:00:00,0.00001340,0.00001380,0.00001300,0.00001349,877737.00000000,1512968399999,11.69204174,464,368488.00000000,4.92077554,121318754.26657226
2017-12-11 05:00:00,0.00001354,0.00001360,0.00001320,0.00001341,391017.00000000,1512971999999,5.24215132,200,163107.00000000,2.18300965,122411435.64517226
2017-12-11 06:00:00,0.00001344,0.00001359,0.00001339,0.00001340,422988.00000000,1512975599999,5.69565000,285,234685.00000000,3.16622933,122649823.18517226
2017-12-11 07:00:00,0.00001340,0.00001363,0.00001335,0.00001344,663630.00000000,1512979199999,8.93885613,244,410387.00000000,5.53264598,122705900.44117226
2017-12-11 08:00:00,0.00001343,0.00001351,0.00001321,0.00001325,1923827.00000000,1512982799999,25.61337758,565,769100.00000000,10.24990291,123374227.26007226
2017-12-11 09:00:00,0.00001325,0.00001337,0.00001325,0.00001330,1647163.00000000,1512986399999,21.88373722,489,553635.00000000,7.36344837,123684958.13637226
2017-12-11 10:00:00,0.00001333,0.00001360,0.00001326,0.00001360,974911.00000000,1512989999999,13.04759609,388,495116.00000000,6.64158662,123896471.06297226
2017-12-11 11:00:00,0.00001348,0.00001360,0.00001336,0.00001337,934569.00000000,1512993599999,12.58958513,364,271846.00000000,3.67274517,124094534.56297226
2017-12-11 12:00:00,0.00001337,0.00001340,0.00001325,0.00001325,1232358.00000000,1512997199999,16.40277066,455,298275.00000000,3.97428334,124342223.48247226
2017-12-11 13:00:00,0.00001325,0.00001326,0.00001216,0.00001245,1706908.00000000,1513000799999,22.07833119,588,378319.00000000,4.91498667,125378959.30067226
2017-12-11 14:00:00,0.00001230,0.00001270,0.00001205,0.00001209,2107035.00000000,1513004399999,25.85157906,665,663540.00000000,8.14993037,125508637.43117226
2017-12-11 15:00:00,0.00001211,0.00001281,0.00001209,0.00001239,1843984.00000000,1513007999999,22.89385508,614,626160.00000000,7.80038300,125994018.24497226
2017-12-11 16:00:00,0.00001239,0.00001278,0.00001221,0.00001246,1307843.00000000,1513011599999,16.19894586,415,558628.00000000,6.95230667,126235055.91397226
2017-12-11 17:00:00,0.00001245,0.00001279,0.00001237,0.00001276,1130143.00000000,1513015199999,14.23373243,388,394013.00000000,4.96068612,126463494.65897226
2017-12-11 18:00:00,0.00001276,0.00001288,0.00001265,0.00001271,1135829.00000000,1513018799999,14.46173137,345,329277.00000000,4.19906639,126499957.09697226
2017-12-11 19:00:00,0.00001272,0.00001272,0.00001250,0.00001251,1219723.00000000,1513022399999,15.44027579,282,293154.00000000,3.71934668,126522292.00997226
2017-12-11 20:00:00,0.00001251,0.00001255,0.00001222,0.00001223,1076963.00000000,1513025999999,13.28038136,258,356734.00000000,4.40401418,126060506.26497226
2017-12-11 21:00:00,0.00001224,0.00001247,0.00001221,0.00001238,949591.00000000,1513029599999,11.74424930,308,206230.00000000,2.55097005,126056578.77497226
2017-12-11 22:00:00,0.00001238,0.00001247,0.00001229,0.00001231,985454.00000000,1513033199999,12.17852460,292,215664.00000000,2.67025921,126061250.57497226
2017-12-11 23:00:00,0.00001234,0.00001321,0.00001231,0.00001319,1332882.00000000,1513036799999,16.77726917,435,516368.00000000,6.53495848,126249842.57497226
2017-12-12 00:00:00,0.00001320,0.00001329,0.00001271,0.00001273,1558542.00000000,1513040399999,20.07710872,549,348963.00000000,4.53129472,126437641.23797226
2017-12-12 01:00:00,0.00001273,0.00001287,0.00001230,0.00001230,1537361.00000000,1513043999999,19.23442728,499,335531.00000000,4.21366944,126738804.09607226
2017-12-12 02:00:00,0.00001230,0.00001261,0.00001220,0.00001223,1465919.00000000,1513047599999,18.12547466,482,462302.00000000,5.75121152,126946876.55466696
2017-12-12 03:00:00,0.00001226,0.00001233,0.00001189,0.00001201,2033682.00000000,1513051199999,24.67646758,681,463890.00000000,5.63085786,127167881.31696696
2017-12-12 04:00:00,0.00001201,0.00001219,0.00001166,0.00001183,2591918.00000000,1513054799999,30.83207938,658,851187.00000000,10.11745254,127631829.41646696
2017-12-12 05:00:00,0.00001182,0.00001210,0.00001173,0.00001196,1521384.00000000,1513058399999,17.97490116,343,660396.00000000,7.80293734,128157824.32136696
2017-12-12 06:00:00,0.00001196,0.00001199,0.00001177,0.00001178,2131087.00000000,1513061999999,25.22369543,469,483456.00000000,5.73570357,128453435.07866696
2017-12-12 07:00:00,0.00001181,0.00001185,0.00001111,0.00001131,2200761.00000000,1513065599999,25.37708190,609,998190.00000000,11.55529309,128447617.04466696
2017-12-12 08:00:00,0.00001128,0.00001134,0.00001050,0.00001094,2555672.00000000,1513069199999,28.40868840,698,853423.00000000,9.49664300,130103256.42196696
2017-12-12 09:00:00,0.00001094,0.00001117,0.00001077,0.00001078,1928512.00000000,1513072799999,21.04562900,581,925652.00000000,10.12913016,129202700.68496696
2017-12-12 10:00:00,0.00001078,0.00001200,0.00001023,0.00001160,2623650.00000000,1513076399999,28.70546035,858,1268024.00000000,13.91472567,129549170.71358225
2017-12-12 11:00:00,0.00001160,0.00001169,0.00001101,0.00001117,2218031.00000000,1513079999999,25.01742831,559,839252.00000000,9.46389256,129792086.71458225
2017-12-12 12:00:00,0.00001124,0.00001148,0.00001117,0.00001141,544944.00000000,1513083599999,6.19013378,283,238676.00000000,2.71290757,130069228.44508225
2017-12-12 13:00:00,0.00001141,0.00001160,0.00001061,0.00001087,2297619.00000000,1513087199999,25.58388842,687,686097.00000000,7.67596587,130017852.04578225
2017-12-12 14:00:00,0.00001088,0.00001088,0.00000999,0.00001030,3347853.00000000,1513090799999,34.37032574,938,1294611.00000000,13.24873928,131860804.19648225
2017-12-12 15:00:00,0.00001030,0.00001049,0.00001020,0.00001028,2203631.00000000,1513094399999,22.65962002,699,970946.00000000,9.99769296,132353832.47748225
2017-12-12 16:00:00,0.00001036,0.00001060,0.00001031,0.00001053,1552961.00000000,1513097999999,16.25128299,535,592141.00000000,6.20325762,132912574.18548225
2017-12-12 17:00:00,0.00001053,0.00001074,0.00001042,0.00001068,785236.00000000,1513101599999,8.26203162,351,327828.00000000,3.45962768,133624282.76492017
2017-12-12 18:00:00,0.00001068,0.00001120,0.00001057,0.00001109,1369746.00000000,1513105199999,14.82536754,373,684119.00000000,7.39748552,133834472.76492017
2017-12-12 19:00:00,0.00001097,0.00001153,0.00001086,0.00001153,1218085.00000000,1513108799999,13.70648584,345,559125.00000000,6.29850213,134081663.26492017
2017-12-12 20:00:00,0.00001153,0.00001173,0.00001140,0.00001148,1230418.00000000,1513112399999,14.22030360,351,323903.00000000,3.74053707,134246623.26492017
2017-12-12 21:00:00,0.00001147,0.00001153,0.00001100,0.00001115,931637.00000000,1513115999999,10.50375424,244,235009.00000000,2.66723423,134309296.77255657
2017-12-12 22:00:00,0.00001131,0.00001131,0.00001070,0.00001080,1252876.00000000,1513119599999,13.65310946,322,341209.00000000,3.71760752,134382244.95638847
2017-12-12 23:00:00,0.00001095,0.00001133,0.00001086,0.00001111,1138532.00000000,1513123199999,12.68415273,334,270788.00000000,3.02049432,134382386.82138847
2017-12-13 00:00:00,0.00001114,0.00001120,0.00001070,0.00001071,1248958.00000000,1513126799999,13.60250076,340,396582.00000000,4.33884422,134377139.54728847
2017-12-13 01:00:00,0.00001071,0.00001130,0.00001068,0.00001079,1627638.00000000,1513130399999,17.74887758,414,710241.00000000,7.78977542,134357607.12628847
2017-12-13 02:00:00,0.00001079,0.00001095,0.00001043,0.00001055,1427053.00000000,1513133999999,15.27698742,490,445216.00000000,4.78634089,134505283.64798847
2017-12-13 03:00:00,0.00001058,0.00001090,0.00001058,0.00001079,1123054.00000000,1513137599999,12.03359711,411,426203.00000000,4.57040376,134715708.96568847
2017-12-13 04:00:00,0.00001078,0.00001119,0.00001068,0.00001096,1799560.00000000,1513141199999,19.51515526,481,821618.00000000,8.92889405,135094656.91357663
2017-12-13 05:00:00,0.00001096,0.00001116,0.00001096,0.00001106,1243904.00000000,1513144799999,13.71652185,404,437385.00000000,4.82865229,135538036.91357663
2017-12-13 06:00:00,0.00001108,0.00001134,0.00001108,0.00001112,1238635.00000000,1513148399999,13.85293686,513,484088.00000000,5.42353386,135912289.12357663
2017-12-13 07:00:00,0.00001113,0.00001125,0.00001102,0.00001111,1355380.00000000,1513151999999,15.06355286,409,423246.00000000,4.70821734,136329748.88037663
2017-12-13 08:00:00,0.00001111,0.00001111,0.00001097,0.00001100,1147547.00000000,1513155599999,12.65460333,423,207654.00000000,2.29858884,136452362.44865185
2017-12-13 09:00:00,0.00001101,0.00001138,0.00001098,0.00001133,1064062.00000000,1513159199999,11.82738257,403,373331.00000000,4.17956298,136472412.71987663
2017-12-13 10:00:00,0.00001133,0.00001145,0.00001125,0.00001129,1870793.00000000,1513162799999,21.17227799,565,705969.00000000,7.99908932,136279955.82117663
2017-12-13 11:00:00,0.00001129,0.00001134,0.00001101,0.00001106,1282948.00000000,1513166399999,14.31815567,378,419194.00000000,4.68060547,136431649.91509976
2017-12-13 12:00:00,0.00001105,0.00001106,0.00001078,0.00001080,1453785.00000000,1513169999999,15.90752245,460,295567.00000000,3.23817067,136505920.68709976
2017-12-13 13:00:00,0.00001079,0.00001085,0.00001069,0.00001075,1382763.00000000,1513173599999,14.89276814,365,436177.00000000,4.69950746,136585612.89579976
2017-12-13 14:00:00,0.00001075,0.00001135,0.00001074,0.00001092,1266145.00000000,1513177199999,13.82703739,472,461619.00000000,5.05709854,136730474.08379976
2017-12-13 15:00:00,0.00001100,0.00001100,0.00001078,0.00001078,1256346.00000000,1513180799999,13.72246395,383,484027.00000000,5.29318865,136966548.49379976
2017-12-13 16:00:00,0.00001079,0.00001095,0.00001078,0.00001095,827947.00000000,1513184399999,8.97898558,363,350650.00000000,3.80944518,136821577.49459976
2017-12-13 17:00:00,0.00001097,0.00001108,0.00001082,0.00001082,1886710.00000000,1513187999999,20.58562366,407,628669.00000000,6.86727710,136907977.12829976
2017-12-13 18:00:00,0.00001088,0.00001092,0.00001081,0.00001084,990613.00000000,1513191599999,10.75103381,272,330964.00000000,3.59721462,136839605.23559976
2017-12-13 19:00:00,0.00001083,0.00001098,0.00001083,0.00001098,526748.00000000,1513195199999,5.73438308,168,186410.00000000,2.03369129,136901266.08359976
2017-12-13 20:00:00,0.00001098,0.00001108,0.00001096,0.00001100,317238.00000000,1513198799999,3.48888091,145,106133.00000000,1.17015070,136925250.88359976
2017-12-13 21:00:00,0.00001100,0.00001109,0.00001091,0.00001093,944018.00000000,1513202399999,10.34266278,271,249702.00000000,2.73707992,136950867.30179976
2017-12-13 22:00:00,0.00001092,0.00001114,0.00001089,0.00001098,1370059.00000000,1513205999999,15.02753242,335,497358.00000000,5.45792983,136959818.08879976
2017-12-13 23:00:00,0.00001098,0.00001117,0.00001086,0.00001094,1186620.00000000,1513209599999,13.03686977,267,411812.00000000,4.55001024,137053291.16479976
2017-12-14 00:00:00,0.00001095,0.00001110,0.00001088,0.00001101,1323912.00000000,1513213199999,14.47576162,347,326319.00000000,3.57354011,137319045.27779976
2017-12-14 01:00:00,0.00001107,0.00001114,0.00001093,0.00001101,1713212.00000000,1513216799999,18.82060046,468,555691.00000000,6.11613022,137468194.57289976
2017-12-14 02:00:00,0.00001110,0.00001111,0.00001096,0.00001097,1343466.00000000,1513220399999,14.76494880,493,389462.00000000,4.28967584,137876987.19119976
2017-12-14 03:00:00,0.00001101,0.00001133,0.00001098,0.00001105,1864198.00000000,1513223999999,20.76893269,586,704477.00000000,7.86196638,138602476.48679976
2017-12-14 04:00:00,0.00001106,0.00001193,0.00001106,0.00001185,3451945.00000000,1513227599999,40.09078971,895,2076215.00000000,24.16249680,138693370.79996156
2017-12-14 05:00:00,0.00001185,0.00001188,0.00001160,0.00001170,1516665.00000000,1513231199999,17.69307238,532,424830.00000000,4.96468855,138845658.15504505
2017-12-14 06:00:00,0.00001170,0.00001179,0.00001161,0.00001165,1565996.00000000,1513234799999,18.28358587,394,612909.00000000,7.16833326,138938477.93544505
2017-12-14 07:00:00,0.00001165,0.00001173,0.00001140,0.00001147,1926362.00000000,1513238399999,22.20618923,534,697741.00000000,8.05891381,138951601.38672885
2017-12-14 08:00:00,0.00001146,0.00001161,0.00001122,0.00001139,2240046.00000000,1513241999999,25.43634335,554,621711.00000000,7.09527068,139030964.15772885
2017-12-14 09:00:00,0.00001136,0.00001162,0.00001117,0.00001125,1964229.00000000,1513245599999,22.26582388,548,557883.00000000,6.33916232,139286919.42832885
2017-12-14 10:00:00,0.00001124,0.00001151,0.00001119,0.00001147,1308452.00000000,1513249199999,14.84156004,525,397281.00000000,4.51672547,139405710.38602885
2017-12-14 11:00:00,0.00001147,0.00001159,0.00001137,0.00001142,1038075.00000000,1513252799999,11.88401879,374,346800.00000000,3.98305606,139548110.36402885
2017-12-14 12:00:00,0.00001142,0.00001146,0.00001122,0.00001131,1554843.00000000,1513256399999,17.63958986,440,533826.00000000,6.06546133,139770523.53842885
2017-12-14 13:00:00,0.00001133,0.00001145,0.00001128,0.00001131,1599078.00000000,1513259999999,18.13168101,539,502293.00000000,5.70493603,140053023.90142885
2017-12-14 14:00:00,0.00001134,0.00001149,0.00001111,0.00001137,2175018.00000000,1513263599999,24.47400639,622,987673.00000000,11.13982081,140297340.32842885
2017-12-14 15:00:00,0.00001135,0.00001135,0.00001110,0.00001111,2184431.00000000,1513267199999,24.40339407,582,736665.00000000,8.23988076,141577843.89353305
2017-12-14 16:00:00,0.00001112,0.00001116,0.00001108,0.00001109,1462296.00000000,1513270799999,16.26740690,355,598639.00000000,6.66441876,141510857.91553305
2017-12-14 17:00:00,0.00001109,0.00001116,0.00001107,0.00001113,1520895.00000000,1513274399999,16.91467410,333,533125.00000000,5.93416158,141650757.07453305
2017-12-14 18:00:00,0.00001114,0.00001116,0.00001111,0.00001112,1445060.00000000,1513277999999,16.08727304,347,453412.00000000,5.05013525,141687144.50483305
2017-12-14 19:00:00,0.00001111,0.00001116,0.00001111,0.00001113,1271232.00000000,1513281599999,14.16149864,342,357154.00000000,3.98124152,141825061.41433305
2017-12-14 20:00:00,0.00001112,0.00001118,0.00001106,0.00001112,1686961.00000000,1513285199999,18.74668423,366,668875.00000000,7.44233959,141847934.64213305
2017-12-14 21:00:00,0.00001114,0.00001150,0.00001111,0.00001118,1462085.00000000,1513288799999,16.42301137,334,730023.00000000,8.23357038,141936230.10713305
2017-12-14 22:00:00,0.00001116,0.00001141,0.00001112,0.00001115,874689.00000000,1513292399999,9.82130156,205,277852.00000000,3.12962457,141938757.10713305
2017-12-14 23:00:00,0.00001115,0.00001126,0.00001112,0.00001114,1076227.00000000,1513295999999,12.00326608,375,225361.00000000,2.51524424,141966421.57913305
2017-12-15 00:00:00,0.00001114,0.00001136,0.00001108,0.00001108,1387274.00000000,1513299599999,15.50268327,481,348773.00000000,3.90668268,142237180.00513305
2017-12-15 01:00:00,0.00001108,0.00001127,0.00001093,0.00001094,2117702.00000000,1513303199999,23.47238653,688,472793.00000000,5.26832060,142311432.06563305
2017-12-15 02:00:00,0.00001096,0.00001113,0.00000929,0.00000975,2515868.00000000,1513306799999,25.75135098,876,784895.00000000,7.92875021,142679699.31700975
2017-12-15 03:00:00,0.00000953,0.00001088,0.00000935,0.00001013,1715793.00000000,1513310399999,17.11920135,710,728910.00000000,7.23877122,142811146.95706875
2017-12-15 04:00:00,0.00001015,0.00001075,0.00001015,0.00001054,1538039.00000000,1513313999999,16.13092682,484,556290.00000000,5.84556836,142979959.42326875
2017-12-15 05:00:00,0.00001055,0.00001059,0.00001009,0.00001035,1082249.00000000,1513317599999,11.17039641,353,441359.00000000,4.56099741,143018271.72226875
2017-12-15 06:00:00,0.00001033,0.00001062,0.00001033,0.00001045,998104.00000000,1513321199999,10.50709337,325,362710.00000000,3.81991595,146700111.57651168
2017-12-15 07:00:00,0.00001045,0.00001045,0.00001022,0.00001022,1669781.00000000,1513324799999,17.20169732,1026,549882.00000000,5.68016613,146836552.03620345
2017-12-15 08:00:00,0.00001022,0.00001026,0.00001006,0.00001012,1335470.00000000,1513328399999,13.63774003,664,332049.00000000,3.39337514,146710679.92750345
2017-12-15 09:00:00,0.00001012,0.00001012,0.00000950,0.00000968,2657791.00000000,1513331999999,26.07066772,1142,662252.00000000,6.51601598,146718558.84150345
2017-12-15 10:00:00,0.00000968,0.00000989,0.00000902,0.00000936,2470347.00000000,1513335599999,23.17452597,1366,941207.00000000,8.89792028,146558416.06150345
2017-12-15 11:00:00,0.00000936,0.00000990,0.00000924,0.00000934,1922574.00000000,1513339199999,18.29532915,1128,585788.00000000,5.63163568,146587721.03450345
2017-12-15 12:00:00,0.00000938,0.00000955,0.00000930,0.00000940,1836263.00000000,1513342799999,17.20487806,1034,762139.00000000,7.14982009,146429207.68150345
2017-12-15 13:00:00,0.00000940,0.00000970,0.00000936,0.00000967,1230598.00000000,1513346399999,11.73884058,666,467297.00000000,4.46222220,146390826.69000345
2017-12-15 14:00:00,0.00000968,0.00000970,0.00000951,0.00000957,1836978.00000000,1513349999999,17.57656228,785,629919.00000000,6.03724072,146347978.22870345
2017-12-15 15:00:00,0.00000957,0.00000992,0.00000955,0.00000974,1388453.00000000,1513353599999,13.52690920,550,683415.00000000,6.67349570,146397153.82470345
2017-12-15 16:00:00,0.00000975,0.00000977,0.00000959,0.00000973,1946594.00000000,1513357199999,18.90583041,759,659282.00000000,6.40785110,146459800.22270345
2017-12-15 17:00:00,0.00000973,0.00001003,0.00000961,0.00000967,1561932.00000000,1513360799999,15.23459613,617,576375.00000000,5.64266017,146514344.89642308
2017-12-15 18:00:00,0.00000968,0.00001011,0.00000958,0.00000989,1622034.00000000,1513364399999,15.97826926,605,743303.00000000,7.34293289,146621745.78492308
2017-12-15 19:00:00,0.00000988,0.00001008,0.00000986,0.00001006,1366913.00000000,1513367999999,13.63348901,398,497326.00000000,4.96951114,146736366.45992308
2017-12-15 20:00:00,0.00001005,0.00001020,0.00000990,0.00001020,775727.00000000,1513371599999,7.76529663,359,381034.00000000,3.82627141,146737757.08532308
2017-12-15 21:00:00,0.00001020,0.00001026,0.00001005,0.00001026,408036.00000000,1513375199999,4.16230087,195,194939.00000000,1.98900727,146732763.92632308
2017-12-15 22:00:00,0.00001026,0.00001030,0.00001015,0.00001020,876635.00000000,1513378799999,8.97129639,229,270311.00000000,2.76888797,146781801.43502308
2017-12-15 23:00:00,0.00001015,0.00001030,0.00000995,0.00001028,823837.00000000,1513382399999,8.32286263,359,298906.00000000,3.02870772,146695006.28202308
2017-12-16 00:00:00,0.00001030,0.00001036,0.00001014,0.00001022,848075.00000000,1513385999999,8.68924395,358,376668.00000000,3.86603198,146747644.98702308
2017-12-16 01:00:00,0.00001025,0.00001050,0.00001015,0.00001049,1453796.00000000,1513389599999,15.06629983,512,670977.00000000,6.95639459,146755404.21382308
2017-12-16 02:00:00,0.00001049,0.00001102,0.00001030,0.00001078,2180065.00000000,1513393199999,23.32206437,727,1057860.00000000,11.31971916,146936757.34612308
2017-12-16 03:00:00,0.00001079,0.00001090,0.00001055,0.00001080,1809269.00000000,1513396799999,19.46581138,1174,569446.00000000,6.13460866,146823359.67692308
2017-12-16 04:00:00,0.00001080,0.00001108,0.00001065,0.00001106,1749645.00000000,1513400399999,18.97468425,842,817574.00000000,8.89647680,146716886.05392308
2017-12-16 05:00:00,0.00001107,0.00001173,0.00001100,0.00001166,6706166.00000000,1513403999999,77.63202244,1130,5140585.00000000,59.51857947,146810864.93392308
2017-12-16 06:00:00,0.00001166,0.00001167,0.00001081,0.00001087,2927007.00000000,1513407599999,32.63079518,737,896897.00000000,10.00304396,146903330.17031112
2017-12-16 07:00:00,0.00001087,0.00001110,0.00001074,0.00001083,1815845.00000000,1513411199999,19.80642179,547,576306.00000000,6.28451786,146977071.96906757
2017-12-16 08:00:00,0.00001083,0.00001087,0.00001073,0.00001085,1647236.00000000,1513414799999,17.81652406,471,587710.00000000,6.36702316,146968164.59706757
2017-12-16 09:00:00,0.00001085,0.00001090,0.00001070,0.00001078,2186463.00000000,1513418399999,23.58115238,525,1029528.00000000,11.11956895,146864418.51066757
2017-12-16 10:00:00,0.00001078,0.00001100,0.00001078,0.00001095,1777845.00000000,1513421999999,19.31272734,504,795937.00000000,8.66410893,147118113.45766757
2017-12-16 11:00:00,0.00001098,0.00001099,0.00001072,0.00001079,2115033.00000000,1513425599999,22.95150256,532,841709.00000000,9.13835175,147195652.21226757
2017-12-16 12:00:00,0.00001079,0.00001084,0.00001074,0.00001078,1505423.00000000,1513429199999,16.22584141,374,565258.00000000,6.09788059,147273705.53096757
2017-12-16 13:00:00,0.00001077,0.00001082,0.00001020,0.00001026,2772400.00000000,1513432799999,28.99888573,770,918570.00000000,9.61623941,147750760.41756757
2017-12-16 14:00:00,0.00001026,0.00001029,0.00001001,0.00001003,1929108.00000000,1513436399999,19.65837439,560,750500.00000000,7.65688292,147829140.42796757
2017-12-16 15:00:00,0.00001002,0.00001010,0.00000980,0.00000985,2137483.00000000,1513439999999,21.24308954,591,778815.00000000,7.74373897,147937682.84776757
2017-12-16 16:00:00,0.00000986,0.00001015,0.00000981,0.00000999,2251657.00000000,1513443599999,22.45130068,557,874352.00000000,8.71976524,148109300.41976757
2017-12-16 17:00:00,0.00000999,0.00001010,0.00000989,0.00001002,1231826.00000000,1513447199999,12.31482627,434,494283.00000000,4.94449622,148190497.86856757
2017-12-16 18:00:00,0.00001002,0.00001026,0.00001000,0.00001019,1214482.00000000,1513450799999,12.27795010,357,543131.00000000,5.49231981,148250222.38156757
2017-12-16 19:00:00,0.00001019,0.00001019,0.00000992,0.00000994,1036365.00000000,1513454399999,10.39599967,287,324911.00000000,3.26232107,148254548.38156757
2017-12-16 20:00:00,0.00000994,0.00001011,0.00000986,0.00001010,1352571.00000000,1513457999999,13.41236226,420,360676.00000000,3.58100987,148195268.16346757
2017-12-16 21:00:00,0.00001014,0.00001014,0.00000991,0.00001001,861423.00000000,1513461599999,8.62199763,196,367255.00000000,3.68248623,148100456.81846757
2017-12-16 22:00:00,0.00001002,0.00001003,0.00000984,0.00000986,1056683.00000000,1513465199999,10.50062269,291,326852.00000000,3.25876250,148074487.81846757
2017-12-16 23:00:00,0.00000986,0.00000998,0.00000976,0.00000995,1797631.00000000,1513468799999,17.74447765,442,677159.00000000,6.69514900,148148691.81846757
2017-12-17 00:00:00,0.00000992,0.00001030,0.00000986,0.00001018,2072400.00000000,1513472399999,20.88406508,546,946737.00000000,9.57156877,148054994.23146757
2017-12-17 01:00:00,0.00001013,0.00001026,0.00001002,0.00001015,1644092.00000000,1513475999999,16.68113438,550,747177.00000000,7.59921327,147929626.26116757
2017-12-17 02:00:00,0.00001016,0.00001035,0.00001011,0.00001029,2848020.00000000,1513479599999,29.13859876,838,1185555.00000000,12.15733627,147594601.78116757
2017-12-17 03:00:00,0.00001022,0.00001038,0.00001016,0.00001020,3330498.00000000,1513483199999,34.20530138,887,1619156.00000000,16.66842072,147516947.60206757
2017-12-17 04:00:00,0.00001024,0.00001039,0.00001009,0.00001038,3406082.00000000,1513486799999,34.90637772,992,1621069.00000000,16.64949479,146960294.96026757
2017-12-17 05:00:00,0.00001035,0.00001052,0.00001019,0.00001020,2822035.00000000,1513490399999,29.13618063,904,1376636.00000000,14.25213766,146868234.68406757
2017-12-17 06:00:00,0.00001020,0.00001040,0.00001017,0.00001024,1768397.00000000,1513493999999,18.19169381,569,793457.00000000,8.17004120,147824936.82876757
2017-12-17 07:00:00,0.00001024,0.00001029,0.00001003,0.00001008,2084547.00000000,1513497599999,21.13779468,531,775239.00000000,7.86089036,147753928.04876757
2017-12-17 08:00:00,0.00001008,0.00001025,0.00001008,0.00001012,1957472.00000000,1513501199999,19.84913677,571,795916.00000000,8.08710940,147859362.75296757
2017-12-17 09:00:00,0.00001012,0.00001015,0.00001000,0.00001005,2249265.00000000,1513504799999,22.64655868,582,591052.00000000,5.95645451,147936977.53066757
2017-12-17 10:00:00,0.00001010,0.00001019,0.00001006,0.00001008,1636082.00000000,1513508399999,16.53876749,527,791635.00000000,8.01351343,147845216.74166757
2017-12-17 11:00:00,0.00001008,0.00001020,0.00001004,0.00001009,1552962.00000000,1513511999999,15.67762479,485,484070.00000000,4.89714729,147768607.70266757
2017-12-17 12:00:00,0.00001018,0.00001050,0.00001008,0.00001047,2142983.00000000,1513515599999,22.06845692,732,1192429.00000000,12.30693529,147684161.44666757
2017-12-17 13:00:00,0.00001043,0.00001160,0.00001043,0.00001126,6390311.00000000,1513519199999,71.43275351,2127,4192941.00000000,46.90513721,147398756.78556757
2017-12-17 14:00:00,0.00001135,0.00001147,0.00001068,0.00001083,3309014.00000000,1513522799999,36.44329623,1255,1604637.00000000,17.70669751,147471961.70956757
2017-12-17 15:00:00,0.00001089,0.00001137,0.00001089,0.00001131,3060600.00000000,1513526399999,33.94173465,944,1597914.00000000,17.74156738,147532683.15236757
2017-12-17 16:00:00,0.00001136,0.00001194,0.00001131,0.00001175,3388800.00000000,1513529999999,39.20058385,1331,2137640.00000000,24.76158056,147387254.04756757
2017-12-17 17:00:00,0.00001175,0.00001178,0.00001125,0.00001135,2297395.00000000,1513533599999,26.36000236,730,1008919.00000000,11.57249319,147525210.56676757
2017-12-17 18:00:00,0.00001137,0.00001184,0.00001133,0.00001180,2100301.00000000,1513537199999,24.30445851,637,727575.00000000,8.43300119,147562371.93476757
2017-12-17 19:00:00,0.00001182,0.00001182,0.00001148,0.00001149,1807962.00000000,1513540799999,20.95392393,383,721603.00000000,8.37384836,147586139.93476757
2017-12-17 20:00:00,0.00001147,0.00001148,0.00001120,0.00001129,1357615.00000000,1513544399999,15.38694581,367,452414.00000000,5.13260774,147553842.93476757
2017-12-17 21:00:00,0.00001129,0.00001158,0.00001123,0.00001143,1201285.00000000,1513547999999,13.64650139,353,490544.00000000,5.58934789,147420351.56876757
2017-12-17 22:00:00,0.00001144,0.00001154,0.00001128,0.00001151,1808796.00000000,1513551599999,20.72244788,413,691621.00000000,7.93403404,147434365.31700590
2017-12-17 23:00:00,0.00001149,0.00001158,0.00001129,0.00001150,1602357.00000000,1513555199999,18.28729885,406,672361.00000000,7.68791765,147387191.59190590
2017-12-18 00:00:00,0.00001150,0.00001190,0.00001146,0.00001182,2496393.00000000,1513558799999,29.26484550,658,1387418.00000000,16.30811082,147148857.43384391
2017-12-18 01:00:00,0.00001180,0.00001180,0.00001108,0.00001130,3521346.00000000,1513562399999,40.10101454,908,1190901.00000000,13.55650638,146743890.01084391
2017-12-18 02:00:00,0.00001138,0.00001150,0.00001130,0.00001146,1535130.00000000,1513565999999,17.47572462,443,656715.00000000,7.48788447,147020179.26884391
2017-12-18 03:00:00,0.00001146,0.00001151,0.00001135,0.00001143,1453887.00000000,1513569599999,16.59361782,555,678935.00000000,7.75731902,147397459.69444391
2017-12-18 04:00:00,0.00001143,0.00001147,0.00001130,0.00001139,1197750.00000000,1513573199999,13.66424551,372,449266.00000000,5.13056427,147449664.57214391
2017-12-18 05:00:00,0.00001140,0.00001154,0.00001113,0.00001121,2199302.00000000,1513576799999,24.99865099,785,796098.00000000,9.06865304,147459444.97714391
2017-12-18 06:00:00,0.00001114,0.00001128,0.00001107,0.00001123,1959679.00000000,1513580399999,21.85704403,622,789700.00000000,8.82163508,147587653.38584391
2017-12-18 07:00:00,0.00001116,0.00001128,0.00001115,0.00001116,1362793.00000000,1513583999999,15.24114312,475,369366.00000000,4.13604625,147757827.41654391
2017-12-18 08:00:00,0.00001122,0.00001130,0.00001117,0.00001129,1916839.00000000,1513587599999,21.57111632,657,827853.00000000,9.32945351,147623747.87384391
2017-12-18 09:00:00,0.00001128,0.00001142,0.00001126,0.00001138,1807969.00000000,1513591199999,20.51008460,636,894778.00000000,10.16322697,147746021.48104391
2017-12-18 10:00:00,0.00001140,0.00001150,0.00001135,0.00001142,1203655.00000000,1513594799999,13.76334178,388,639161.00000000,7.31483396,147860544.12304391
2017-12-18 11:00:00,0.00001144,0.00001150,0.00001113,0.00001117,2130908.00000000,1513598399999,24.09427671,627,544913.00000000,6.16749393,148003612.82994391
2017-12-18 12:00:00,0.00001123,0.00001141,0.00001116,0.00001122,780420.00000000,1513600155226,8.78369127,257,300497.00000000,3.39861150,148023117.56994391
2017-12-18 13:00:00,0.00001127,0.00001154,0.00001122,0.00001140,892092.00000000,1513605599999,10.18591497,402,411522.00000000,4.70103506,0
2017-12-18 14:00:00,0.00001141,0.00001151,0.00001134,0.00001135,1695074.00000000,1513609199999,19.34259953,590,637270.00000000,7.27965972,0
2017-12-18 15:00:00,0.00001135,0.00001145,0.00001135,0.00001136,1174773.00000000,1513612799999,13.37690051,398,571993.00000000,6.51736569,0
2017-12-18 16:00:00,0.00001137,0.00001155,0.00001134,0.00001153,1231326.00000000,1513616399999,14.05291473,391,633182.00000000,7.24016281,0
2017-12-18 17:00:00,0.00001152,0.00001171,0.00001142,0.00001144,2306966.00000000,1513619999999,26.66745067,590,1131699.00000000,13.10256027,0
2017-12-18 18:00:00,0.00001146,0.00001180,0.00001145,0.00001171,1289021.00000000,1513623599999,14.99140014,362,735872.00000000,8.57266745,0
2017-12-18 19:00:00,0.00001176,0.00001190,0.00001170,0.00001186,1280160.00000000,1513627199999,15.14693209,369,624176.00000000,7.40195057,0
2017-12-18 20:00:00,0.00001186,0.00001194,0.00001179,0.00001185,1669762.00000000,1513630799999,19.79906845,493,468591.00000000,5.56459062,0
2017-12-18 21:00:00,0.00001186,0.00001195,0.00001175,0.00001195,1189644.00000000,1513634399999,14.07296370,278,578568.00000000,6.85448055,0
2017-12-18 22:00:00,0.00001195,0.00001240,0.00001195,0.00001240,1398730.00000000,1513637999999,17.00441002,600,735073.00000000,8.91782830,0
2017-12-18 23:00:00,0.00001236,0.00001253,0.00001226,0.00001252,1864036.00000000,1513641599999,23.10618010,651,779324.00000000,9.68354087,0
2017-12-19 00:00:00,0.00001253,0.00001385,0.00001248,0.00001351,4038548.00000000,1513645199999,52.95845715,1359,2149577.00000000,28.17601875,0
2017-12-19 01:00:00,0.00001357,0.00001369,0.00001298,0.00001342,2548194.00000000,1513648799999,33.96401876,875,982356.00000000,13.09229264,0
2017-12-19 02:00:00,0.00001344,0.00001347,0.00001256,0.00001274,2581873.00000000,1513652399999,33.21173840,959,1036106.00000000,13.33868141,0
2017-12-19 03:00:00,0.00001276,0.00001314,0.00001268,0.00001314,1872100.00000000,1513655999999,24.06882560,654,822239.00000000,10.60137215,0
2017-12-19 04:00:00,0.00001315,0.00001373,0.00001300,0.00001320,3116220.00000000,1513659599999,41.93125698,1028,1368882.00000000,18.42958043,0
2017-12-19 05:00:00,0.00001324,0.00001325,0.00001290,0.00001315,2179925.00000000,1513663199999,28.48313864,668,812534.00000000,10.63788039,0
2017-12-19 06:00:00,0.00001312,0.00001590,0.00001268,0.00001550,7555777.00000000,1513666799999,106.13706158,2252,4399038.00000000,62.84071238,0
2017-12-19 07:00:00,0.00001550,0.00001665,0.00001450,0.00001519,11756666.00000000,1513670399999,182.07514820,3126,5811129.00000000,90.24472362,0
2017-12-19 08:00:00,0.00001519,0.00001524,0.00001440,0.00001452,3551485.00000000,1513673999999,52.18269072,1069,1210420.00000000,17.79547292,0
2017-12-19 09:00:00,0.00001450,0.00001461,0.00001322,0.00001450,4339651.00000000,1513677599999,61.01465614,1361,2051115.00000000,28.95050294,0
2017-12-19 10:00:00,0.00001450,0.00001459,0.00001334,0.00001349,2857553.00000000,1513681199999,39.29450868,946,816499.00000000,11.17788082,0
2017-12-19 11:00:00,0.00001350,0.00001390,0.00001305,0.00001342,1328773.00000000,1513684799999,17.95658327,667,453694.00000000,6.15921973,0
2017-12-19 12:00:00,0.00001343,0.00001450,0.00001311,0.00001418,1630490.00000000,1513688399999,22.70344983,627,960797.00000000,13.46000605,0
2017-12-19 13:00:00,0.00001440,0.00001447,0.00001415,0.00001428,1126266.00000000,1513691999999,16.08882602,423,457923.00000000,6.55191557,0
2017-12-19 14:00:00,0.00001428,0.00001429,0.00001399,0.00001402,1098328.00000000,1513695599999,15.49415191,523,415526.00000000,5.87347126,0
2017-12-19 15:00:00,0.00001402,0.00001418,0.00001381,0.00001416,730268.00000000,1513699199999,10.22138803,300,288247.00000000,4.04227855,0
2017-12-19 16:00:00,0.00001417,0.00001433,0.00001414,0.00001431,843388.00000000,1513702799999,12.01817530,283,497255.00000000,7.09090376,0
2017-12-19 17:00:00,0.00001430,0.00001435,0.00001420,0.00001422,469780.00000000,1513706399999,6.71179736,219,242024.00000000,3.46239167,0
2017-12-19 18:00:00,0.00001424,0.00001426,0.00001402,0.00001415,402504.00000000,1513709999999,5.70094758,241,209546.00000000,2.96775354,0
2017-12-19 19:00:00,0.00001419,0.00001446,0.00001411,0.00001424,232896.00000000,1513713599999,3.33598014,163,177345.00000000,2.54437791,0
2017-12-19 20:00:00,0.00001418,0.00001450,0.00001416,0.00001430,412641.00000000,1513717199999,5.92626596,136,267762.00000000,3.85701588,0
2017-12-19 21:00:00,0.00001430,0.00001440,0.00001392,0.00001408,445619.00000000,1513720799999,6.29189262,199,148285.00000000,2.08924805,0
2017-12-19 22:00:00,0.00001400,0.00001422,0.00001390,0.00001410,471826.00000000,1513724399999,6.62669287,243,244876.00000000,3.44838080,0
2017-12-19 23:00:00,0.00001413,0.00001425,0.00001388,0.00001407,582941.00000000,1513727999999,8.19825215,175,305069.00000000,4.30337710,0
2017-12-20 00:00:00,0.00001406,0.00001406,0.00001280,0.00001319,1926366.00000000,1513731599999,25.58333915,716,443180.00000000,5.89540672,0
2017-12-20 01:00:00,0.00001312,0.00001350,0.00001300,0.00001313,1180524.00000000,1513735199999,15.65941980,492,472646.00000000,6.30005662,0
2017-12-20 02:00:00,0.00001310,0.00001350,0.00001280,0.00001320,1363606.00000000,1513738799999,18.01753792,469,905727.00000000,12.01224458,0
2017-12-20 03:00:00,0.00001312,0.00001339,0.00001311,0.00001333,421640.00000000,1513742399999,5.59481344,244,291233.00000000,3.86827239,0
2017-12-20 04:00:00,0.00001333,0.00001350,0.00001329,0.00001346,736788.00000000,1513745999999,9.87296821,231,401367.00000000,5.38385304,0
2017-12-20 05:00:00,0.00001347,0.00001355,0.00001320,0.00001330,682978.00000000,1513749599999,9.19356747,290,303435.00000000,4.09944378,0
2017-12-20 06:00:00,0.00001330,0.00001336,0.00001300,0.00001321,932817.00000000,1513753199999,12.27152586,377,346098.00000000,4.57515250,0
2017-12-20 07:00:00,0.00001324,0.00001324,0.00001300,0.00001309,580199.00000000,1513756799999,7.58857641,251,202346.00000000,2.65195265,0
2017-12-20 08:00:00,0.00001309,0.00001335,0.00001308,0.00001328,397946.00000000,1513760399999,5.27305831,214,249010.00000000,3.29955092,0
2017-12-20 09:00:00,0.00001330,0.00001336,0.00001318,0.00001329,579131.00000000,1513763999999,7.68529647,203,246650.00000000,3.27927596,0
2017-12-20 10:00:00,0.00001328,0.00001329,0.00001300,0.00001305,544116.00000000,1513767599999,7.16059402,230,284631.00000000,3.74506282,0
2017-12-20 11:00:00,0.00001303,0.00001320,0.00001300,0.00001306,414087.00000000,1513771199999,5.42334220,250,196878.00000000,2.58146987,0
2017-12-20 12:00:00,0.00001306,0.00001315,0.00001288,0.00001299,869397.00000000,1513774799999,11.32024580,325,292526.00000000,3.81512524,0
2017-12-20 13:00:00,0.00001299,0.00001305,0.00001284,0.00001289,696664.00000000,1513778399999,8.99868367,277,335938.00000000,4.35084799,0
2017-12-20 14:00:00,0.00001289,0.00001297,0.00001279,0.00001292,644074.00000000,1513781999999,8.27391735,284,248678.00000000,3.19893038,0
2017-12-20 15:00:00,0.00001292,0.00001333,0.00001284,0.00001304,859743.00000000,1513785599999,11.23331494,365,408491.00000000,5.33543902,0
2017-12-20 16:00:00,0.00001304,0.00001317,0.00001287,0.00001287,752233.00000000,1513789199999,9.76345364,263,177238.00000000,2.30083123,0
2017-12-20 17:00:00,0.00001287,0.00001300,0.00001280,0.00001291,499251.00000000,1513792799999,6.44337150,162,164139.00000000,2.12775296,0
2017-12-20 18:00:00,0.00001297,0.00001310,0.00001289,0.00001308,320986.00000000,1513796399999,4.16504552,125,226070.00000000,2.93632230,0
2017-12-20 19:00:00,0.00001296,0.00001308,0.00001295,0.00001296,94658.00000000,1513799999999,1.23067858,102,58500.00000000,0.76193606,0
2017-12-20 20:00:00,0.00001296,0.00001320,0.00001294,0.00001297,155214.00000000,1513803599999,2.02638090,123,83889.00000000,1.10038465,0
2017-12-20 21:00:00,0.00001313,0.00001313,0.00001294,0.00001295,93934.00000000,1513807199999,1.22238710,61,42637.00000000,0.55579733,0
2017-12-20 22:00:00,0.00001298,0.00001310,0.00001293,0.00001293,187719.00000000,1513810799999,2.43397735,110,43227.00000000,0.56318848,0
2017-12-20 23:00:00,0.00001300,0.00001309,0.00001291,0.00001307,204985.00000000,1513814399999,2.66206379,84,153779.00000000,2.00010222,0
2017-12-21 00:00:00,0.00001308,0.00001310,0.00001290,0.00001306,229716.00000000,1513817999999,2.98804942,151,89537.00000000,1.16920430,0
2017-12-21 01:00:00,0.00001302,0.00001342,0.00001302,0.00001342,753425.00000000,1513821599999,9.97667353,301,601963.00000000,7.97003582,0
2017-12-21 02:00:00,0.00001345,0.00001350,0.00001321,0.00001333,887992.00000000,1513825199999,11.85323278,388,502242.00000000,6.70483460,0
2017-12-21 03:00:00,0.00001335,0.00001353,0.00001309,0.00001319,1869048.00000000,1513828799999,24.93809997,681,704398.00000000,9.42340628,0
2017-12-21 04:00:00,0.00001320,0.00001331,0.00001300,0.00001301,911048.00000000,1513832399999,11.95965046,507,357881.00000000,4.70589132,0
2017-12-21 05:00:00,0.00001307,0.00001344,0.00001302,0.00001335,757432.00000000,1513835999999,10.00775803,340,431605.00000000,5.69464279,0
2017-12-21 06:00:00,0.00001334,0.00001339,0.00001317,0.00001318,561482.00000000,1513839599999,7.45830555,373,262578.00000000,3.49211345,0
2017-12-21 07:00:00,0.00001317,0.00001330,0.00001302,0.00001316,997121.00000000,1513843199999,13.12707040,352,496181.00000000,6.55007890,0
2017-12-21 08:00:00,0.00001314,0.00001320,0.00001290,0.00001296,1011604.00000000,1513846799999,13.17379350,362,307477.00000000,4.01333126,0
2017-12-21 09:00:00,0.00001296,0.00001317,0.00001295,0.00001305,1011012.00000000,1513850399999,13.15164355,322,412166.00000000,5.36343815,0
2017-12-21 10:00:00,0.00001303,0.00001330,0.00001299,0.00001319,894719.00000000,1513853999999,11.80054665,302,564295.00000000,7.44402098,0
2017-12-21 11:00:00,0.00001319,0.00001328,0.00001319,0.00001321,722393.00000000,1513857599999,9.55863090,222,467732.00000000,6.19472609,0
2017-12-21 12:00:00,0.00001323,0.00001353,0.00001321,0.00001352,1468128.00000000,1513861199999,19.68293926,488,938077.00000000,12.59466569,0
2017-12-21 13:00:00,0.00001351,0.00001359,0.00001303,0.00001315,1814349.00000000,1513864799999,24.07287604,541,715969.00000000,9.57043252,0
2017-12-21 14:00:00,0.00001320,0.00001325,0.00001310,0.00001319,962060.00000000,1513868399999,12.65150343,335,533818.00000000,7.02697985,0
2017-12-21 15:00:00,0.00001319,0.00001322,0.00001295,0.00001295,1641802.00000000,1513871999999,21.47182784,559,495030.00000000,6.50094239,0
2017-12-21 16:00:00,0.00001296,0.00001309,0.00001290,0.00001300,648698.00000000,1513875599999,8.42424193,296,287737.00000000,3.74345748,0
2017-12-21 17:00:00,0.00001300,0.00001325,0.00001299,0.00001323,548601.00000000,1513879199999,7.19590971,177,416314.00000000,5.46632878,0
2017-12-21 18:00:00,0.00001321,0.00001325,0.00001300,0.00001318,527104.00000000,1513882799999,6.92697970,142,155122.00000000,2.04636030,0
2017-12-21 19:00:00,0.00001318,0.00001323,0.00001302,0.00001315,237346.00000000,1513886399999,3.12596327,102,144820.00000000,1.91294723,0
2017-12-21 20:00:00,0.00001315,0.00001320,0.00001305,0.00001305,164511.00000000,1513889999999,2.16018758,56,13026.00000000,0.17173904,0
2017-12-21 21:00:00,0.00001306,0.00001320,0.00001302,0.00001319,195353.00000000,1513893599999,2.56243639,101,67242.00000000,0.88365072,0
2017-12-21 22:00:00,0.00001320,0.00001322,0.00001301,0.00001302,231595.00000000,1513897199999,3.05073860,108,163937.00000000,2.16449127,0
2017-12-21 23:00:00,0.00001317,0.00001319,0.00001301,0.00001311,411098.00000000,1513900799999,5.39744489,186,134131.00000000,1.76632001,0
2017-12-22 00:00:00,0.00001310,0.00001322,0.00001302,0.00001319,463271.00000000,1513904399999,6.09838577,149,266628.00000000,3.51169738,0
2017-12-22 01:00:00,0.00001319,0.00001355,0.00001313,0.00001324,1583819.00000000,1513907999999,21.11891081,401,1072195.00000000,14.30018922,0
2017-12-22 02:00:00,0.00001324,0.00001340,0.00001300,0.00001303,1203515.00000000,1513911599999,15.75206995,373,392864.00000000,5.15808392,0
2017-12-22 03:00:00,0.00001303,0.00001303,0.00001240,0.00001252,1251039.00000000,1513915199999,16.00404499,564,309551.00000000,3.96677118,0
2017-12-22 04:00:00,0.00001252,0.00001288,0.00001251,0.00001281,991844.00000000,1513918799999,12.57813856,387,507875.00000000,6.43937034,0
2017-12-22 05:00:00,0.00001283,0.00001311,0.00001281,0.00001309,416552.00000000,1513922399999,5.41116638,233,202485.00000000,2.63149516,0
2017-12-22 06:00:00,0.00001310,0.00001310,0.00001290,0.00001295,528530.00000000,1513925999999,6.85522235,179,226861.00000000,2.95075180,0
2017-12-22 07:00:00,0.00001290,0.00001293,0.00001212,0.00001217,1285064.00000000,1513929599999,16.04107703,583,320159.00000000,3.94497021,0
2017-12-22 08:00:00,0.00001217,0.00001268,0.00001212,0.00001268,1182694.00000000,1513933199999,14.58948659,356,853531.00000000,10.56829848,0
2017-12-22 09:00:00,0.00001268,0.00001304,0.00001250,0.00001274,653129.00000000,1513936799999,8.33060090,230,403240.00000000,5.17496148,0
2017-12-22 10:00:00,0.00001279,0.00001305,0.00001275,0.00001276,455600.00000000,1513940399999,5.88339501,208,118414.00000000,1.53356745,0
2017-12-22 11:00:00,0.00001276,0.00001294,0.00001259,0.00001259,209925.00000000,1513943999999,2.67282232,133,26513.00000000,0.33772550,0
2017-12-22 12:00:00,0.00001268,0.00001276,0.00001256,0.00001256,173041.00000000,1513947599999,2.18345465,189,60040.00000000,0.75959265,0
2017-12-22 13:00:00,0.00001273,0.00001273,0.00001230,0.00001240,602551.00000000,1513951199999,7.53205514,354,208365.00000000,2.60702456,0
2017-12-22 14:00:00,0.00001239,0.00001245,0.00001201,0.00001210,964890.00000000,1513954799999,11.72326767,439,363130.00000000,4.42927390,0
2017-12-22 15:00:00,0.00001210,0.00001263,0.00001210,0.00001257,474494.00000000,1513958399999,5.92617472,275,326943.00000000,4.08681789,0
2017-12-22 16:00:00,0.00001245,0.00001289,0.00001240,0.00001266,528741.00000000,1513961999999,6.63562577,240,350975.00000000,4.40436644,0
2017-12-22 17:00:00,0.00001280,0.00001304,0.00001273,0.00001281,829916.00000000,1513965599999,10.73423218,315,654704.00000000,8.47697770,0
2017-12-22 18:00:00,0.00001283,0.00001290,0.00001277,0.00001285,139212.00000000,1513969199999,1.78536736,66,61525.00000000,0.79031713,0
2017-12-22 19:00:00,0.00001283,0.00001293,0.00001277,0.00001279,45225.00000000,1513972799999,0.58149461,97,19094.00000000,0.24562723,0
2017-12-22 20:00:00,0.00001279,0.00001288,0.00001277,0.00001283,76632.00000000,1513976399999,0.98368275,62,29287.00000000,0.37666990,0
2017-12-22 21:00:00,0.00001281,0.00001290,0.00001260,0.00001270,189592.00000000,1513979999999,2.41648468,173,45041.00000000,0.57668043,0
2017-12-22 22:00:00,0.00001267,0.00001275,0.00001260,0.00001262,190541.00000000,1513983599999,2.40982340,101,95723.00000000,1.21124083,0
2017-12-22 23:00:00,0.00001266,0.00001295,0.00001261,0.00001268,151176.00000000,1513987199999,1.92046050,160,44306.00000000,0.56268451,0
2017-12-23 00:00:00,0.00001268,0.00001297,0.00001266,0.00001289,111107.00000000,1513990799999,1.41592446,95,59634.00000000,0.76094143,0
2017-12-23 01:00:00,0.00001296,0.00001299,0.00001280,0.00001289,270254.00000000,1513994399999,3.49806426,110,153917.00000000,1.99636651,0
2017-12-23 02:00:00,0.00001285,0.00001300,0.00001283,0.00001288,343918.00000000,1513997999999,4.44807914,106,191524.00000000,2.48134940,0
2017-12-23 03:00:00,0.00001296,0.00001296,0.00001257,0.00001258,851905.00000000,1514001599999,10.86540112,289,413911.00000000,5.28417042,0
2017-12-23 04:00:00,0.00001258,0.00001279,0.00001254,0.00001275,345113.00000000,1514005199999,4.37975459,161,242736.00000000,3.08003774,0
2017-12-23 05:00:00,0.00001276,0.00001293,0.00001272,0.00001290,292466.00000000,1514008799999,3.75185533,150,131954.00000000,1.69266072,0
2017-12-23 06:00:00,0.00001284,0.00001293,0.00001267,0.00001289,266453.00000000,1514012399999,3.40960900,150,125992.00000000,1.61579993,0
2017-12-23 07:00:00,0.00001290,0.00001299,0.00001276,0.00001297,343457.00000000,1514015999999,4.43841975,173,261127.00000000,3.37798983,0
2017-12-23 08:00:00,0.00001297,0.00001300,0.00001291,0.00001294,292039.00000000,1514019599999,3.78709916,137,225653.00000000,2.92849033,0
2017-12-23 09:00:00,0.00001294,0.00001294,0.00001280,0.00001280,405761.00000000,1514023199999,5.20766694,162,164558.00000000,2.11442658,0
2017-12-23 10:00:00,0.00001280,0.00001284,0.00001265,0.00001274,573709.00000000,1514026799999,7.31796410,195,195039.00000000,2.49033321,0
2017-12-23 11:00:00,0.00001275,0.00001284,0.00001267,0.00001279,403402.00000000,1514030399999,5.13789892,227,148958.00000000,1.90400397,0
2017-12-23 12:00:00,0.00001279,0.00001296,0.00001278,0.00001281,354213.00000000,1514033999999,4.55066882,187,227156.00000000,2.92145844,0
2017-12-23 13:00:00,0.00001281,0.00001294,0.00001279,0.00001294,332403.00000000,1514037599999,4.27291560,180,259908.00000000,3.34445724,0
2017-12-23 14:00:00,0.00001294,0.00001330,0.00001290,0.00001320,1796050.00000000,1514041199999,23.53525814,527,1085805.00000000,14.22621856,0
2017-12-23 15:00:00,0.00001320,0.00001330,0.00001300,0.00001300,1058978.00000000,1514044799999,13.90865302,391,585368.00000000,7.70347714,0
2017-12-23 16:00:00,0.00001304,0.00001314,0.00001293,0.00001298,615137.00000000,1514048399999,8.00646622,218,247531.00000000,3.22071495,0
2017-12-23 17:00:00,0.00001298,0.00001310,0.00001291,0.00001291,553157.00000000,1514051999999,7.19594099,221,293053.00000000,3.82051202,0
2017-12-23 18:00:00,0.00001291,0.00001300,0.00001280,0.00001291,460067.00000000,1514055599999,5.92333711,191,121109.00000000,1.56750503,0
2017-12-23 19:00:00,0.00001297,0.00001301,0.00001294,0.00001301,211060.00000000,1514059199999,2.74049199,100,164262.00000000,2.13470063,0
2017-12-23 20:00:00,0.00001295,0.00001301,0.00001290,0.00001298,167481.00000000,1514062799999,2.16649059,69,54644.00000000,0.70932748,0
2017-12-23 21:00:00,0.00001299,0.00001301,0.00001290,0.00001301,161137.00000000,1514066399999,2.08810690,87,84954.00000000,1.10383226,0
2017-12-23 22:00:00,0.00001301,0.00001311,0.00001294,0.00001294,286432.00000000,1514069999999,3.73179323,123,77952.00000000,1.01698608,0
2017-12-23 23:00:00,0.00001306,0.00001306,0.00001279,0.00001279,316639.00000000,1514073599999,4.07520362,201,93936.00000000,1.21441866,0
2017-12-24 00:00:00,0.00001279,0.00001295,0.00001275,0.00001294,404067.00000000,1514077199999,5.17546184,165,151682.00000000,1.94811375,0
2017-12-24 01:00:00,0.00001294,0.00001297,0.00001271,0.00001276,417600.00000000,1514080799999,5.35813072,174,167110.00000000,2.15323666,0
2017-12-24 02:00:00,0.00001282,0.00001282,0.00001267,0.00001267,461181.00000000,1514084399999,5.87451005,150,113335.00000000,1.44602911,0
2017-12-24 03:00:00,0.00001268,0.00001283,0.00001266,0.00001267,266068.00000000,1514087999999,3.38097720,126,86109.00000000,1.09720986,0
2017-12-24 04:00:00,0.00001270,0.00001281,0.00001267,0.00001278,167291.00000000,1514091599999,2.12712308,112,81542.00000000,1.03864507,0
2017-12-24 05:00:00,0.00001271,0.00001289,0.00001268,0.00001277,223782.00000000,1514095199999,2.85992856,118,68125.00000000,0.87284850,0
2017-12-24 06:00:00,0.00001277,0.00001290,0.00001265,0.00001279,506748.00000000,1514098799999,6.46260343,179,120002.00000000,1.53650037,0
2017-12-24 07:00:00,0.00001270,0.00001292,0.00001270,0.00001289,378275.00000000,1514102399999,4.85030990,158,303389.00000000,3.89143451,0
2017-12-24 08:00:00,0.00001283,0.00001295,0.00001280,0.00001288,366088.00000000,1514105999999,4.70986154,127,258835.00000000,3.33348507,0
2017-12-24 09:00:00,0.00001292,0.00001299,0.00001265,0.00001280,640378.00000000,1514109599999,8.21795907,195,342617.00000000,4.42221829,0
2017-12-24 10:00:00,0.00001279,0.00001279,0.00001268,0.00001268,557850.00000000,1514113199999,7.10437906,201,210155.00000000,2.68410747,0
2017-12-24 11:00:00,0.00001272,0.00001273,0.00001250,0.00001256,609157.00000000,1514116799999,7.69109066,240,102518.00000000,1.29837310,0
2017-12-24 12:00:00,0.00001256,0.00001264,0.00001249,0.00001259,441909.00000000,1514120399999,5.54018290,148,85705.00000000,1.07878809,0
2017-12-24 13:00:00,0.00001260,0.00001271,0.00001257,0.00001261,305090.00000000,1514123999999,3.85475862,195,176681.00000000,2.23385913,0
2017-12-24 14:00:00,0.00001265,0.00001291,0.00001259,0.00001274,296833.00000000,1514127599999,3.77170671,149,152844.00000000,1.94688859,0
2017-12-24 15:00:00,0.00001274,0.00001283,0.00001259,0.00001264,253257.00000000,1514131199999,3.20969067,113,61900.00000000,0.78478990,0
2017-12-24 16:00:00,0.00001264,0.00001293,0.00001264,0.00001281,404829.00000000,1514134799999,5.19264396,172,273892.00000000,3.51089746,0
2017-12-24 17:00:00,0.00001280,0.00001280,0.00001270,0.00001272,214745.00000000,1514138399999,2.73250758,108,56104.00000000,0.71465868,0
2017-12-24 18:00:00,0.00001277,0.00001279,0.00001271,0.00001271,50779.00000000,1514141999999,0.64718872,23,10149.00000000,0.12975750,0
2017-12-24 19:00:00,0.00001272,0.00001278,0.00001269,0.00001277,82180.00000000,1514145599999,1.04509354,37,13844.00000000,0.17625916,0
2017-12-24 20:00:00,0.00001277,0.00001291,0.00001270,0.00001291,295315.00000000,1514149199999,3.79205896,88,252204.00000000,3.24056604,0
2017-12-24 21:00:00,0.00001292,0.00001292,0.00001279,0.00001291,90348.00000000,1514152799999,1.16358391,48,55518.00000000,0.71614986,0
2017-12-24 22:00:00,0.00001290,0.00001298,0.00001290,0.00001298,190383.00000000,1514156399999,2.46198710,62,142553.00000000,1.84406286,0
2017-12-24 23:00:00,0.00001292,0.00001300,0.00001289,0.00001300,280137.00000000,1514159999999,3.63528227,78,229708.00000000,2.98370876,0
2017-12-25 00:00:00,0.00001300,0.00001309,0.00001283,0.00001303,564589.00000000,1514163599999,7.33123468,142,465239.00000000,6.04691723,0
2017-12-25 01:00:00,0.00001303,0.00001308,0.00001285,0.00001294,371908.00000000,1514167199999,4.82683406,178,272878.00000000,3.54337212,0
2017-12-25 02:00:00,0.00001294,0.00001306,0.00001290,0.00001290,469259.00000000,1514170799999,6.09415331,182,385413.00000000,5.00795311,0
2017-12-25 03:00:00,0.00001290,0.00001331,0.00001290,0.00001309,1179206.00000000,1514174399999,15.46999585,343,1041277.00000000,13.65871140,0
2017-12-25 04:00:00,0.00001330,0.00001330,0.00001275,0.00001300,1251794.00000000,1514177999999,16.16864090,353,333817.00000000,4.33441809,0
2017-12-25 05:00:00,0.00001300,0.00001302,0.00001283,0.00001296,364410.00000000,1514181599999,4.72551493,147,204408.00000000,2.65489822,0
2017-12-25 06:00:00,0.00001300,0.00001310,0.00001282,0.00001310,633002.00000000,1514185199999,8.20926754,203,381040.00000000,4.95552394,0
2017-12-25 07:00:00,0.00001310,0.00001310,0.00001288,0.00001288,407310.00000000,1514188799999,5.26641192,191,150207.00000000,1.94569311,0
2017-12-25 08:00:00,0.00001288,0.00001293,0.00001287,0.00001290,480450.00000000,1514192399999,6.19736375,163,171680.00000000,2.21704292,0
2017-12-25 09:00:00,0.00001290,0.00001293,0.00001284,0.00001289,509181.00000000,1514195999999,6.55679775,219,225748.00000000,2.90960976,0
2017-12-25 10:00:00,0.00001288,0.00001293,0.00001282,0.00001282,529651.00000000,1514199599999,6.82108617,197,248952.00000000,3.20961235,0
2017-12-25 11:00:00,0.00001282,0.00001288,0.00001271,0.00001276,568613.00000000,1514203199999,7.26609016,207,166621.00000000,2.13295580,0
2017-12-25 12:00:00,0.00001276,0.00001280,0.00001256,0.00001272,1216099.00000000,1514206799999,15.40975376,356,668235.00000000,8.46920961,0
2017-12-25 13:00:00,0.00001272,0.00001285,0.00001264,0.00001276,363420.00000000,1514210399999,4.63824501,146,200510.00000000,2.56178340,0
2017-12-25 14:00:00,0.00001276,0.00001290,0.00001276,0.00001289,464321.00000000,1514213999999,5.96770802,151,329019.00000000,4.23182453,0
2017-12-25 15:00:00,0.00001290,0.00001298,0.00001282,0.00001292,667650.00000000,1514217599999,8.62627267,225,453522.00000000,5.87088454,0
2017-12-25 16:00:00,0.00001291,0.00001296,0.00001285,0.00001291,348807.00000000,1514221199999,4.50921475,140,155997.00000000,2.01954699,0
2017-12-25 17:00:00,0.00001291,0.00001291,0.00001282,0.00001283,232375.00000000,1514224799999,2.99060082,120,149617.00000000,1.92806866,0
2017-12-25 18:00:00,0.00001283,0.00001297,0.00001283,0.00001287,309930.00000000,1514228399999,4.00725450,85,259635.00000000,3.36021227,0
2017-12-25 19:00:00,0.00001287,0.00001296,0.00001282,0.00001284,217761.00000000,1514231999999,2.80624516,72,67768.00000000,0.87637426,0
2017-12-25 20:00:00,0.00001286,0.00001297,0.00001284,0.00001297,139952.00000000,1514235599999,1.80852052,73,84083.00000000,1.08939762,0
2017-12-25 21:00:00,0.00001294,0.00001299,0.00001288,0.00001289,471287.00000000,1514239199999,6.10185035,66,350469.00000000,4.54422156,0
2017-12-25 22:00:00,0.00001291,0.00001298,0.00001284,0.00001285,142435.00000000,1514242799999,1.83707813,82,113504.00000000,1.46413299,0
2017-12-25 23:00:00,0.00001285,0.00001293,0.00001260,0.00001280,655340.00000000,1514246399999,8.34689050,225,217658.00000000,2.77369290,0
2017-12-26 00:00:00,0.00001285,0.00001293,0.00001279,0.00001281,247845.00000000,1514249999999,3.18685731,123,119025.00000000,1.53377281,0
2017-12-26 01:00:00,0.00001289,0.00001294,0.00001279,0.00001291,317549.00000000,1514253599999,4.09044153,130,211757.00000000,2.73206567,0
2017-12-26 02:00:00,0.00001288,0.00001297,0.00001287,0.00001293,367178.00000000,1514257199999,4.75060166,210,219115.00000000,2.83737175,0
2017-12-26 03:00:00,0.00001291,0.00001297,0.00001277,0.00001277,798255.00000000,1514260799999,10.27844400,293,295959.00000000,3.81982146,0
2017-12-26 04:00:00,0.00001277,0.00001284,0.00001255,0.00001256,869987.00000000,1514264399999,11.01969426,342,174812.00000000,2.21345593,0
2017-12-26 05:00:00,0.00001256,0.00001256,0.00001182,0.00001215,1778365.00000000,1514267999999,21.64550518,618,568119.00000000,6.83661679,0
2017-12-26 06:00:00,0.00001214,0.00001217,0.00001191,0.00001191,468308.00000000,1514271599999,5.65106508,188,121825.00000000,1.47258331,0
2017-12-26 07:00:00,0.00001192,0.00001220,0.00001192,0.00001209,384663.00000000,1514275199999,4.64056155,204,171941.00000000,2.07447797,0
2017-12-26 08:00:00,0.00001209,0.00001234,0.00001205,0.00001225,456539.00000000,1514278799999,5.56687622,204,256149.00000000,3.12464909,0
2017-12-26 09:00:00,0.00001219,0.00001235,0.00001212,0.00001217,388713.00000000,1514282399999,4.76510631,141,202744.00000000,2.49007149,0
2017-12-26 10:00:00,0.00001215,0.00001244,0.00001213,0.00001230,648944.00000000,1514285999999,7.95884137,234,151215.00000000,1.86134689,0
2017-12-26 11:00:00,0.00001224,0.00001230,0.00001214,0.00001223,455076.00000000,1514289599999,5.54962352,143,114744.00000000,1.40474012,0
2017-12-26 12:00:00,0.00001223,0.00001223,0.00001200,0.00001204,641571.00000000,1514293199999,7.74869070,150,142001.00000000,1.71711536,0
2017-12-26 13:00:00,0.00001205,0.00001213,0.00001185,0.00001201,253429.00000000,1514296799999,3.03313692,121,77614.00000000,0.93192458,0
2017-12-26 14:00:00,0.00001201,0.00001205,0.00001179,0.00001180,1022126.00000000,1514300399999,12.15466317,347,283644.00000000,3.38716099,0
2017-12-26 15:00:00,0.00001183,0.00001184,0.00001149,0.00001157,789798.00000000,1514303999999,9.19728864,289,396421.00000000,4.60855722,0
2017-12-26 16:00:00,0.00001156,0.00001156,0.00001117,0.00001122,1187667.00000000,1514307599999,13.41643818,357,704954.00000000,7.97468852,0
2017-12-26 17:00:00,0.00001122,0.00001144,0.00001120,0.00001143,293073.00000000,1514311199999,3.30855552,166,146498.00000000,1.65556883,0
2017-12-26 18:00:00,0.00001143,0.00001144,0.00001113,0.00001137,453321.00000000,1514314799999,5.14325696,189,256889.00000000,2.92603990,0
2017-12-26 19:00:00,0.00001138,0.00001139,0.00001121,0.00001124,149374.00000000,1514318399999,1.68641744,95,67623.00000000,0.76522409,0
2017-12-26 20:00:00,0.00001135,0.00001137,0.00001120,0.00001135,143216.00000000,1514321999999,1.61269014,100,51478.00000000,0.58011059,0
2017-12-26 21:00:00,0.00001135,0.00001135,0.00001124,0.00001126,43578.00000000,1514325599999,0.49128655,39,24263.00000000,0.27386144,0
2017-12-26 22:00:00,0.00001126,0.00001139,0.00001123,0.00001139,56650.00000000,1514329199999,0.64043287,55,34843.00000000,0.39449701,0
2017-12-26 23:00:00,0.00001138,0.00001162,0.00001120,0.00001149,488314.00000000,1514332799999,5.57015570,191,222126.00000000,2.54164286,0
2017-12-27 00:00:00,0.00001150,0.00001150,0.00001130,0.00001130,461134.00000000,1514336399999,5.25807189,177,297179.00000000,3.38788871,0
2017-12-27 01:00:00,0.00001131,0.00001134,0.00001112,0.00001118,654984.00000000,1514339999999,7.32311075,247,308887.00000000,3.45089878,0
2017-12-27 02:00:00,0.00001118,0.00001137,0.00001114,0.00001131,333439.00000000,1514343599999,3.75748430,181,177647.00000000,2.00550079,0
2017-12-27 03:00:00,0.00001131,0.00001164,0.00001122,0.00001155,888131.00000000,1514347199999,10.17080887,279,655214.00000000,7.52329707,0
2017-12-27 04:00:00,0.00001155,0.00001170,0.00001129,0.00001129,982257.00000000,1514350799999,11.34176200,373,366857.00000000,4.24905348,0
2017-12-27 05:00:00,0.00001129,0.00001140,0.00001125,0.00001127,771391.00000000,1514354399999,8.71587815,185,220942.00000000,2.49905559,0
2017-12-27 06:00:00,0.00001129,0.00001129,0.00001081,0.00001082,1315677.00000000,1514357999999,14.49547143,391,497577.00000000,5.47935159,0
2017-12-27 07:00:00,0.00001090,0.00001128,0.00001081,0.00001106,1189809.00000000,1514361599999,13.09164456,291,805571.00000000,8.85645727,0
2017-12-27 08:00:00,0.00001111,0.00001130,0.00001103,0.00001118,441070.00000000,1514365199999,4.93491162,201,277028.00000000,3.10868955,0
2017-12-27 09:00:00,0.00001116,0.00001120,0.00001103,0.00001114,567362.00000000,1514368799999,6.32107068,173,286704.00000000,3.20060563,0
2017-12-27 10:00:00,0.00001116,0.00001117,0.00001105,0.00001115,288326.00000000,1514372399999,3.20844774,188,167375.00000000,1.86353866,0
2017-12-27 11:00:00,0.00001117,0.00001119,0.00001112,0.00001117,477521.00000000,1514375999999,5.33380518,138,350769.00000000,3.91996380,0
2017-12-27 12:00:00,0.00001117,0.00001130,0.00001110,0.00001126,682219.00000000,1514379599999,7.61611344,231,344098.00000000,3.84948253,0
2017-12-27 13:00:00,0.00001126,0.00001161,0.00001118,0.00001155,619064.00000000,1514383199999,7.04889744,241,460793.00000000,5.25055601,0
2017-12-27 14:00:00,0.00001156,0.00001190,0.00001152,0.00001180,1095973.00000000,1514386799999,12.87501715,471,666995.00000000,7.83543365,0
2017-12-27 15:00:00,0.00001184,0.00001207,0.00001184,0.00001200,1057580.00000000,1514390399999,12.65699602,474,606346.00000000,7.25552356,0
2017-12-27 16:00:00,0.00001204,0.00001209,0.00001180,0.00001200,961075.00000000,1514393999999,11.47039232,278,433418.00000000,5.17437136,0
2017-12-27 17:00:00,0.00001195,0.00001210,0.00001188,0.00001210,613070.00000000,1514397599999,7.33862527,214,332709.00000000,3.99512746,0
2017-12-27 18:00:00,0.00001210,0.00001212,0.00001192,0.00001204,314082.00000000,1514401199999,3.77904971,158,111726.00000000,1.34780364,0
2017-12-27 19:00:00,0.00001207,0.00001211,0.00001193,0.00001201,44239.00000000,1514404799999,0.53355282,52,25807.00000000,0.31180693,0
2017-12-27 20:00:00,0.00001201,0.00001211,0.00001192,0.00001211,291722.00000000,1514408399999,3.50199280,150,198768.00000000,2.38957118,0
2017-12-27 21:00:00,0.00001212,0.00001219,0.00001201,0.00001207,138120.00000000,1514411999999,1.67243988,86,81209.00000000,0.98535864,0
2017-12-27 22:00:00,0.00001205,0.00001213,0.00001188,0.00001213,340300.00000000,1514415599999,4.09014575,102,104360.00000000,1.25848475,0
2017-12-27 23:00:00,0.00001215,0.00001235,0.00001211,0.00001226,462479.00000000,1514419199999,5.66561390,161,291627.00000000,3.57500912,0
2017-12-28 00:00:00,0.00001231,0.00001231,0.00001204,0.00001220,561761.00000000,1514422799999,6.82923186,183,333546.00000000,4.05845653,0
2017-12-28 01:00:00,0.00001223,0.00001225,0.00001202,0.00001208,705422.00000000,1514426399999,8.54837896,212,440115.00000000,5.33807374,0
2017-12-28 02:00:00,0.00001210,0.00001210,0.00001170,0.00001183,1315541.00000000,1514429999999,15.67923762,369,400243.00000000,4.79565833,0
2017-12-28 03:00:00,0.00001183,0.00001199,0.00001159,0.00001186,1344715.00000000,1514433599999,15.79114269,306,742330.00000000,8.74130704,0
2017-12-28 04:00:00,0.00001183,0.00001199,0.00001180,0.00001182,532065.00000000,1514437199999,6.33129586,201,334394.00000000,3.98634872,0
2017-12-28 05:00:00,0.00001185,0.00001190,0.00001180,0.00001190,448624.00000000,1514440799999,5.31632894,188,322261.00000000,3.82220026,0
2017-12-28 06:00:00,0.00001189,0.00001200,0.00001170,0.00001171,594892.00000000,1514444399999,7.03197933,173,148839.00000000,1.77020840,0
2017-12-28 07:00:00,0.00001175,0.00001175,0.00001163,0.00001165,243072.00000000,1514447999999,2.83968582,151,58330.00000000,0.68141705,0
2017-12-28 08:00:00,0.00001168,0.00001178,0.00001164,0.00001171,420442.00000000,1514451599999,4.92238487,171,295330.00000000,3.46039233,0
2017-12-28 09:00:00,0.00001171,0.00001175,0.00001165,0.00001165,453041.00000000,1514455199999,5.29819959,151,247996.00000000,2.90428526,0
2017-12-28 10:00:00,0.00001165,0.00001172,0.00001142,0.00001146,783954.00000000,1514458799999,9.07460875,211,189343.00000000,2.19865811,0
2017-12-28 11:00:00,0.00001146,0.00001150,0.00001130,0.00001145,783413.00000000,1514462399999,8.93746582,234,330517.00000000,3.77674726,0
2017-12-28 12:00:00,0.00001148,0.00001154,0.00001139,0.00001154,274985.00000000,1514465999999,3.15382508,161,162711.00000000,1.86852316,0
2017-12-28 13:00:00,0.00001154,0.00001170,0.00001150,0.00001162,650126.00000000,1514469599999,7.55572797,211,507513.00000000,5.90185881,0
2017-12-28 14:00:00,0.00001166,0.00001449,0.00001166,0.00001377,6246889.00000000,1514473199999,82.55693041,2086,4110303.00000000,53.91854507,0
2017-12-28 15:00:00,0.00001382,0.00001475,0.00001311,0.00001444,9071018.00000000,1514476799999,125.62474370,2594,5232652.00000000,72.75019900,0
2017-12-28 16:00:00,0.00001439,0.00001445,0.00001364,0.00001369,4402176.00000000,1514480399999,61.47581924,1432,2248718.00000000,31.45241834,0
2017-12-28 17:00:00,0.00001369,0.00001408,0.00001364,0.00001379,2671011.00000000,1514483999999,36.93307927,573,1909967.00000000,26.44897470,0
2017-12-28 18:00:00,0.00001379,0.00001467,0.00001365,0.00001426,2040581.00000000,1514487599999,28.93493722,737,1241912.00000000,17.61299993,0
2017-12-28 19:00:00,0.00001427,0.00001491,0.00001420,0.00001452,1470113.00000000,1514491199999,21.57219063,658,896193.00000000,13.19350633,0
2017-12-28 20:00:00,0.00001452,0.00001657,0.00001421,0.00001582,4596451.00000000,1514494799999,70.91453895,1431,3329031.00000000,51.36539120,0
2017-12-28 21:00:00,0.00001597,0.00001650,0.00001442,0.00001600,4330935.00000000,1514498399999,67.28743374,1269,2068334.00000000,32.51091498,0
2017-12-28 22:00:00,0.00001600,0.00001618,0.00001539,0.00001565,1186945.00000000,1514501999999,18.61464992,607,568168.00000000,8.91148843,0
2017-12-28 23:00:00,0.00001558,0.00001594,0.00001500,0.00001508,1737243.00000000,1514505599999,26.84948489,835,922969.00000000,14.36346684,0
2017-12-29 00:00:00,0.00001508,0.00001516,0.00001413,0.00001479,1609072.00000000,1514509199999,23.82479015,753,713062.00000000,10.58319610,0
2017-12-29 01:00:00,0.00001479,0.00001550,0.00001455,0.00001535,1525546.00000000,1514512799999,22.78615787,822,770692.00000000,11.55504718,0
2017-12-29 02:00:00,0.00001539,0.00001597,0.00001520,0.00001528,2592350.00000000,1514516399999,40.55475711,1424,1372381.00000000,21.50825073,0
2017-12-29 03:00:00,0.00001528,0.00001554,0.00001472,0.00001506,2193969.00000000,1514519999999,33.10125459,946,1082836.00000000,16.33992998,0
2017-12-29 04:00:00,0.00001508,0.00001529,0.00001481,0.00001525,2120061.00000000,1514523599999,32.14486137,653,986478.00000000,14.98194031,0
2017-12-29 05:00:00,0.00001518,0.00001525,0.00001477,0.00001480,1673636.00000000,1514527199999,25.08307502,551,418376.00000000,6.27798305,0
2017-12-29 06:00:00,0.00001482,0.00001487,0.00001442,0.00001469,1339513.00000000,1514530799999,19.52701581,679,733200.00000000,10.68970137,0
2017-12-29 07:00:00,0.00001470,0.00001520,0.00001463,0.00001489,1825867.00000000,1514534399999,27.38363331,754,888785.00000000,13.32522755,0
2017-12-29 08:00:00,0.00001489,0.00001502,0.00001450,0.00001482,1445904.00000000,1514537999999,21.35376888,527,689649.00000000,10.22390239,0
2017-12-29 09:00:00,0.00001481,0.00001512,0.00001470,0.00001505,668736.00000000,1514541599999,9.98471554,402,345655.00000000,5.16497788,0
2017-12-29 10:00:00,0.00001502,0.00001589,0.00001494,0.00001561,2455057.00000000,1514545199999,37.97391014,993,1315339.00000000,20.31516682,0
2017-12-29 11:00:00,0.00001556,0.00001666,0.00001541,0.00001666,4153422.00000000,1514548799999,66.67546048,1504,2481861.00000000,40.02523617,0
2017-12-29 12:00:00,0.00001667,0.00001789,0.00001642,0.00001661,7163680.00000000,1514552399999,122.57528788,2853,3551717.00000000,60.82087740,0
2017-12-29 13:00:00,0.00001665,0.00001720,0.00001600,0.00001633,3634258.00000000,1514555999999,60.53933418,1471,1372608.00000000,23.01366360,0
2017-12-29 14:00:00,0.00001627,0.00001662,0.00001596,0.00001635,2210456.00000000,1514559599999,35.98454695,1109,962457.00000000,15.69472569,0
2017-12-29 15:00:00,0.00001635,0.00001665,0.00001554,0.00001570,2817793.00000000,1514563199999,45.14204426,1116,1114739.00000000,17.84622756,0
2017-12-29 16:00:00,0.00001580,0.00001677,0.00001570,0.00001677,2201279.00000000,1514566799999,36.06232599,1282,1370937.00000000,22.49119311,0
2017-12-29 17:00:00,0.00001674,0.00001677,0.00001619,0.00001649,961251.00000000,1514570399999,15.80478534,581,452930.00000000,7.42946905,0
2017-12-29 18:00:00,0.00001649,0.00001650,0.00001620,0.00001642,576782.00000000,1514573999999,9.47658391,297,213872.00000000,3.52407900,0
2017-12-29 19:00:00,0.00001622,0.00001639,0.00001570,0.00001602,483423.00000000,1514577599999,7.78571616,403,178847.00000000,2.88609686,0
2017-12-29 20:00:00,0.00001602,0.00001641,0.00001598,0.00001600,373649.00000000,1514581199999,6.07794138,241,195281.00000000,3.17962336,0
2017-12-29 21:00:00,0.00001607,0.00001619,0.00001601,0.00001610,224245.00000000,1514584799999,3.60681600,171,139746.00000000,2.24800966,0
2017-12-29 22:00:00,0.00001610,0.00001619,0.00001590,0.00001619,217336.00000000,1514588399999,3.48944068,177,117288.00000000,1.88721128,0
2017-12-29 23:00:00,0.00001619,0.00001620,0.00001570,0.00001584,1494102.00000000,1514591999999,23.67923105,526,484952.00000000,7.69661777,0
2017-12-30 00:00:00,0.00001584,0.00001601,0.00001527,0.00001528,1364821.00000000,1514595599999,21.30185552,620,604020.00000000,9.43527215,0
2017-12-30 01:00:00,0.00001528,0.00001558,0.00001470,0.00001470,1872872.00000000,1514599199999,28.28823609,838,583386.00000000,8.85330542,0
2017-12-30 02:00:00,0.00001470,0.00001551,0.00001450,0.00001550,1870962.00000000,1514602799999,27.67771122,820,801791.00000000,11.91470391,0
2017-12-30 03:00:00,0.00001550,0.00001552,0.00001460,0.00001496,610450.00000000,1514606399999,9.21392692,438,145510.00000000,2.19751171,0
2017-12-30 04:00:00,0.00001510,0.00001550,0.00001500,0.00001542,761918.00000000,1514609999999,11.64743963,411,345007.00000000,5.27562689,0
2017-12-30 05:00:00,0.00001537,0.00001548,0.00001511,0.00001531,613075.00000000,1514613599999,9.38948710,318,221894.00000000,3.40468124,0
2017-12-30 06:00:00,0.00001531,0.00001545,0.00001520,0.00001527,368246.00000000,1514617199999,5.63141689,187,115454.00000000,1.76966159,0
2017-12-30 07:00:00,0.00001528,0.00001600,0.00001520,0.00001593,895917.00000000,1514620799999,13.93497795,506,433344.00000000,6.76045872,0
2017-12-30 08:00:00,0.00001593,0.00001598,0.00001550,0.00001574,663171.00000000,1514624399999,10.41020152,350,214927.00000000,3.37668099,0
2017-12-30 09:00:00,0.00001579,0.00001590,0.00001540,0.00001547,720259.00000000,1514627999999,11.26937353,334,261524.00000000,4.10155815,0
2017-12-30 10:00:00,0.00001562,0.00001564,0.00001521,0.00001524,762585.00000000,1514631599999,11.69712473,431,312757.00000000,4.80381113,0
2017-12-30 11:00:00,0.00001529,0.00001531,0.00001510,0.00001527,551722.00000000,1514635199999,8.39058732,328,83281.00000000,1.27007003,0
2017-12-30 12:00:00,0.00001527,0.00001537,0.00001514,0.00001518,706608.00000000,1514638799999,10.78750521,384,436602.00000000,6.66972610,0
2017-12-30 13:00:00,0.00001523,0.00001550,0.00001515,0.00001546,853930.00000000,1514642399999,13.04575707,341,396220.00000000,6.06736114,0
2017-12-30 14:00:00,0.00001545,0.00001545,0.00001525,0.00001539,692696.00000000,1514645999999,10.64962579,253,467346.00000000,7.18877794,0
2017-12-30 15:00:00,0.00001536,0.00001539,0.00001525,0.00001526,490180.00000000,1514649599999,7.50603180,218,229949.00000000,3.52533419,0
2017-12-30 16:00:00,0.00001529,0.00001540,0.00001526,0.00001532,377282.00000000,1514653199999,5.77385029,238,205431.00000000,3.14767337,0
2017-12-30 17:00:00,0.00001529,0.00001531,0.00001513,0.00001522,713945.00000000,1514656799999,10.87810457,251,285715.00000000,4.35886698,0
2017-12-30 18:00:00,0.00001522,0.00001527,0.00001513,0.00001514,370456.00000000,1514660399999,5.62653918,171,212560.00000000,3.22913040,0
2017-12-30 19:00:00,0.00001524,0.00001529,0.00001514,0.00001518,265688.00000000,1514663999999,4.04653604,154,109098.00000000,1.66413364,0
2017-12-30 20:00:00,0.00001520,0.00001531,0.00001517,0.00001528,176970.00000000,1514667599999,2.69773726,134,84282.00000000,1.28612154,0
2017-12-30 21:00:00,0.00001520,0.00001532,0.00001520,0.00001532,183418.00000000,1514671199999,2.80239660,99,157363.00000000,2.40557467,0
2017-12-30 22:00:00,0.00001525,0.00001562,0.00001525,0.00001562,474225.00000000,1514674799999,7.35075493,254,310521.00000000,4.81585702,0
2017-12-30 23:00:00,0.00001562,0.00001600,0.00001554,0.00001600,491011.00000000,1514678399999,7.80520487,280,360876.00000000,5.74128191,0
2017-12-31 00:00:00,0.00001599,0.00001600,0.00001542,0.00001585,643384.00000000,1514681999999,10.13452460,273,215457.00000000,3.40235773,0
2017-12-31 01:00:00,0.00001585,0.00001595,0.00001557,0.00001565,476523.00000000,1514685599999,7.52575366,277,191242.00000000,3.02463606,0
2017-12-31 02:00:00,0.00001564,0.00001600,0.00001563,0.00001594,791355.00000000,1514689199999,12.49101855,393,596070.00000000,9.41481342,0
2017-12-31 03:00:00,0.00001594,0.00001644,0.00001583,0.00001625,1128035.00000000,1514692799999,18.13096349,441,667950.00000000,10.76768322,0
2017-12-31 04:00:00,0.00001639,0.00001650,0.00001600,0.00001605,909579.00000000,1514696399999,14.79294262,337,331158.00000000,5.42324462,0
2017-12-31 05:00:00,0.00001602,0.00001621,0.00001600,0.00001615,570190.00000000,1514699999999,9.17940976,266,247149.00000000,3.98914746,0
2017-12-31 06:00:00,0.00001615,0.00001640,0.00001591,0.00001614,1143860.00000000,1514703599999,18.53262564,370,657686.00000000,10.66585245,0
2017-12-31 07:00:00,0.00001604,0.00001614,0.00001585,0.00001613,401982.00000000,1514707199999,6.43052577,259,137930.00000000,2.21477755,0
2017-12-31 08:00:00,0.00001607,0.00001630,0.00001603,0.00001616,445604.00000000,1514710799999,7.21121242,205,341880.00000000,5.53619397,0
2017-12-31 09:00:00,0.00001629,0.00001638,0.00001605,0.00001635,536517.00000000,1514714399999,8.71495603,230,241077.00000000,3.92610285,0
2017-12-31 10:00:00,0.00001634,0.00001642,0.00001629,0.00001642,488699.00000000,1514717999999,7.98850019,290,254845.00000000,4.17029266,0
2017-12-31 11:00:00,0.00001642,0.00001649,0.00001628,0.00001645,638260.00000000,1514721599999,10.45467250,267,345708.00000000,5.67575799,0
2017-12-31 12:00:00,0.00001644,0.00001746,0.00001644,0.00001719,2513750.00000000,1514725199999,42.56913488,1256,1585048.00000000,26.84039632,0
2017-12-31 13:00:00,0.00001722,0.00001750,0.00001704,0.00001746,1646327.00000000,1514728799999,28.60199130,644,1078560.00000000,18.75891070,0
2017-12-31 14:00:00,0.00001746,0.00001746,0.00001700,0.00001720,1170654.00000000,1514732399999,20.14344115,730,621763.00000000,10.71894398,0
2017-12-31 15:00:00,0.00001718,0.00001734,0.00001700,0.00001701,1168137.00000000,1514735999999,19.99918546,445,393617.00000000,6.74155717,0
2017-12-31 16:00:00,0.00001701,0.00001720,0.00001649,0.00001650,1777642.00000000,1514739599999,30.07554891,710,684586.00000000,11.63559511,0
2017-12-31 17:00:00,0.00001653,0.00001672,0.00001633,0.00001649,762400.00000000,1514743199999,12.58933967,475,324042.00000000,5.35621240,0
2017-12-31 18:00:00,0.00001653,0.00001665,0.00001632,0.00001660,429086.00000000,1514746799999,7.08300044,238,255684.00000000,4.22895285,0
2017-12-31 19:00:00,0.00001660,0.00001687,0.00001651,0.00001670,342748.00000000,1514750399999,5.69480067,229,136893.00000000,2.27992607,0
2017-12-31 20:00:00,0.00001671,0.00001700,0.00001669,0.00001674,355375.00000000,1514753999999,5.99648422,243,183550.00000000,3.09866886,0
2017-12-31 21:00:00,0.00001677,0.00001709,0.00001676,0.00001698,390209.00000000,1514757599999,6.60096157,176,190660.00000000,3.23413188,0
2017-12-31 22:00:00,0.00001698,0.00001730,0.00001685,0.00001730,486012.00000000,1514761199999,8.31202079,150,405326.00000000,6.94005630,0
2017-12-31 23:00:00,0.00001730,0.00001735,0.00001675,0.00001707,456240.00000000,1514764799999,7.77707836,273,145767.00000000,2.49556346,0
2018-01-01 00:00:00,0.00001707,0.00001778,0.00001690,0.00001778,1538346.00000000,1514768399999,26.74810946,550,1095123.00000000,19.05287761,0
