Date,Open,High,Low,Close,Volume
2017-12-15 12:00:00,0.00065000,0.00900000,0.00065000,0.00075990,54616.65000000,1513342799999,53.76369098,1145,30918.00000000,28.13387861,131110.62035205
2017-12-15 13:00:00,0.00076990,0.00077570,0.00071010,0.00072100,43982.23000000,1513346399999,33.39303202,806,16148.40000000,12.32355065,161072.43172534
2017-12-15 14:00:00,0.00072900,0.00129990,0.00072100,0.00080000,152048.79000000,1513349999999,139.95066746,2595,77837.76000000,72.92559956,236787.92464438
2017-12-15 15:00:00,0.00078010,0.00079990,0.00050000,0.00077200,100813.26000000,1513353599999,75.23442980,1358,39675.39000000,30.35449850,310348.60551965
2017-12-15 16:00:00,0.00077000,0.00081970,0.00076060,0.00078850,42328.30000000,1513357199999,33.22988561,850,23913.22000000,18.83371356,320699.42345973
2017-12-15 17:00:00,0.00078850,0.00079960,0.00076590,0.00077000,22632.47000000,1513360799999,17.64307743,592,9672.79000000,7.53927623,398932.51606358
2017-12-15 18:00:00,0.00077000,0.00077310,0.00073540,0.00073540,12147.82000000,1513364399999,9.22430669,393,5158.16000000,3.93533292,410745.60101236
2017-12-15 19:00:00,0.00073530,0.00075980,0.00073020,0.00075790,10840.68000000,1513367999999,8.06922326,349,6870.74000000,5.11712537,411129.35969417
2017-12-15 20:00:00,0.00075790,0.00077990,0.00075550,0.00077150,5158.83000000,1513371599999,3.93686792,259,2610.31000000,1.99958078,412335.71078741
2017-12-15 21:00:00,0.00077150,0.00077150,0.00074800,0.00075500,7886.17000000,1513375199999,5.98228008,307,4039.50000000,3.06706346,417872.06492843
2017-12-15 22:00:00,0.00075500,0.00076430,0.00074500,0.00075340,5978.42000000,1513378799999,4.52767942,271,3006.53000000,2.28207225,418850.68107326
2017-12-15 23:00:00,0.00076310,0.00076330,0.00073000,0.00074500,8573.79000000,1513382399999,6.41452880,336,3258.96000000,2.43947519,422121.20532609
2017-12-16 00:00:00,0.00074000,0.00077520,0.00071610,0.00074300,15524.17000000,1513385999999,11.64754667,334,8405.75000000,6.33097816,427472.02111104
2017-12-16 01:00:00,0.00074990,0.00074990,0.00073000,0.00074970,6124.78000000,1513389599999,4.57175435,173,2980.92000000,2.23122207,428159.34703864
2017-12-16 02:00:00,0.00074970,0.00077490,0.00074970,0.00077100,7691.55000000,1513393199999,5.88976925,224,5489.05000000,4.20752329,428249.53994629
2017-12-16 03:00:00,0.00077000,0.00077480,0.00075620,0.00076480,5726.87000000,1513396799999,4.38329653,214,3043.91000000,2.32978527,428409.38210365
2017-12-16 04:00:00,0.00076480,0.00077990,0.00076060,0.00077150,8305.14000000,1513400399999,6.42802451,198,6277.17000000,4.86330109,431075.83807868
2017-12-16 05:00:00,0.00077010,0.00077990,0.00077000,0.00077310,7979.04000000,1513403999999,6.18172450,189,5209.88000000,4.04326906,432153.15388476
2017-12-16 06:00:00,0.00077010,0.00077960,0.00074800,0.00075290,4778.72000000,1513407599999,3.63384696,179,1730.56000000,1.31117389,434186.51764379
2017-12-16 07:00:00,0.00075320,0.00075500,0.00073600,0.00074260,6956.21000000,1513411199999,5.16002631,183,2458.79000000,1.82946435,435375.97983392
2017-12-16 08:00:00,0.00074260,0.00075950,0.00073790,0.00075000,3994.85000000,1513414799999,2.99022904,137,2162.95000000,1.61809264,435938.13604267
2017-12-16 09:00:00,0.00075690,0.00076510,0.00074420,0.00075620,6790.52000000,1513418399999,5.10796497,190,4958.56000000,3.73265714,438516.49530429
2017-12-16 10:00:00,0.00075600,0.00075600,0.00074750,0.00075230,5406.62000000,1513421999999,4.06642571,236,3095.62000000,2.33054845,440765.40323908
2017-12-16 11:00:00,0.00075230,0.00075500,0.00074740,0.00074810,6368.53000000,1513425599999,4.77653102,200,2673.40000000,2.01013611,442615.77830757
2017-12-16 12:00:00,0.00074840,0.00077150,0.00074000,0.00074860,14166.28000000,1513429199999,10.69676164,384,4975.32000000,3.76739931,450956.98089998
2017-12-16 13:00:00,0.00074460,0.00074980,0.00070070,0.00073000,13589.76000000,1513432799999,9.87724950,384,4576.67000000,3.31687853,451925.06369590
2017-12-16 14:00:00,0.00073000,0.00074000,0.00071010,0.00072080,6245.97000000,1513436399999,4.53122948,216,2839.56000000,2.06772043,453423.80479143
2017-12-16 15:00:00,0.00072080,0.00072080,0.00065060,0.00066500,13404.13000000,1513439999999,9.17071986,396,6034.54000000,4.07793103,471192.44177392
2017-12-16 16:00:00,0.00066450,0.00070990,0.00065200,0.00070650,13546.88000000,1513443599999,9.24234418,330,7631.57000000,5.16485967,471990.05249495
2017-12-16 17:00:00,0.00070600,0.00070940,0.00070170,0.00070360,4629.24000000,1513447199999,3.26491078,135,3198.45000000,2.25811088,472833.48414892
2017-12-16 18:00:00,0.00070500,0.00072080,0.00070430,0.00071700,7909.77000000,1513450799999,5.64401169,239,2532.25000000,1.80363969,475612.33892142
2017-12-16 19:00:00,0.00071700,0.00071700,0.00068510,0.00068530,6471.33000000,1513454399999,4.54355723,255,1659.42000000,1.16229632,479723.74561179
2017-12-16 20:00:00,0.00068530,0.00069340,0.00064500,0.00069340,17126.90000000,1513457999999,11.60712313,315,6322.87000000,4.30666801,480130.21318357
2017-12-16 21:00:00,0.00069400,0.00070390,0.00069340,0.00070010,8730.99000000,1513461599999,6.09807857,179,4697.10000000,3.27987876,482440.25867239
2017-12-16 22:00:00,0.00069800,0.00070130,0.00069780,0.00069780,11904.66000000,1513465199999,8.32300307,185,3707.20000000,2.59532645,486919.09749713
2017-12-16 23:00:00,0.00069790,0.00070380,0.00067120,0.00068630,19847.05000000,1513468799999,13.79469393,294,3605.07000000,2.49403725,499375.38160143
2017-12-17 00:00:00,0.00068720,0.00072420,0.00068720,0.00071990,6558.95000000,1513472399999,4.60630511,200,2836.67000000,1.99439881,505251.99668897
2017-12-17 01:00:00,0.00071980,0.00072500,0.00070650,0.00071110,7562.95000000,1513475999999,5.44002299,193,2048.04000000,1.47265192,510740.97081226
2017-12-17 02:00:00,0.00072290,0.00072480,0.00067010,0.00069990,7395.93000000,1513479599999,5.17756934,157,2247.75000000,1.59456769,510740.97381226
2017-12-17 03:00:00,0.00069990,0.00071500,0.00069010,0.00070370,4474.12000000,1513483199999,3.13413135,139,1848.39000000,1.29903337,511865.20900334
2017-12-17 04:00:00,0.00070360,0.00073300,0.00069690,0.00071890,4134.41000000,1513486799999,2.93868035,130,2274.46000000,1.62341486,511893.68600139
2017-12-17 05:00:00,0.00073100,0.00073100,0.00071000,0.00072000,3398.80000000,1513490399999,2.44254302,102,520.87000000,0.37889510,513085.53150837
2017-12-17 06:00:00,0.00072000,0.00072000,0.00069610,0.00070000,8220.29000000,1513493999999,5.79470223,128,3372.10000000,2.38094090,514384.22973910
2017-12-17 07:00:00,0.00070000,0.00072890,0.00067580,0.00072600,8653.91000000,1513497599999,6.01195980,118,3402.50000000,2.38520916,515468.05506748
2017-12-17 08:00:00,0.00072600,0.00072600,0.00068490,0.00069200,6122.44000000,1513501199999,4.25582029,155,1628.81000000,1.12912109,518950.52689740
2017-12-17 09:00:00,0.00069190,0.00070470,0.00068710,0.00069210,4338.13000000,1513504799999,3.00963146,138,2588.00000000,1.79619780,519384.23703016
2017-12-17 10:00:00,0.00069360,0.00070530,0.00068730,0.00069640,4794.57000000,1513508399999,3.33583733,157,2034.95000000,1.41913202,521000.71932149
2017-12-17 11:00:00,0.00069630,0.00069990,0.00068750,0.00069400,5320.32000000,1513511999999,3.69064883,149,3460.96000000,2.40510389,522154.42980983
2017-12-17 12:00:00,0.00069500,0.00070490,0.00068240,0.00068310,5284.61000000,1513515599999,3.64268504,169,1325.46000000,0.91583529,524942.03057276
2017-12-17 13:00:00,0.00068320,0.00069070,0.00066890,0.00067800,9890.58000000,1513519199999,6.72090683,231,4816.08000000,3.28433613,531889.21002583
2017-12-17 14:00:00,0.00067300,0.00069280,0.00067260,0.00067990,9284.09000000,1513522799999,6.31081644,203,5448.72000000,3.70783232,535411.01037893
2017-12-17 15:00:00,0.00068000,0.00070000,0.00068000,0.00069580,6626.68000000,1513526399999,4.55291057,232,3483.68000000,2.40199301,540071.50048669
2017-12-17 16:00:00,0.00068620,0.00070100,0.00068050,0.00070040,9952.60000000,1513529999999,6.87826738,250,5452.98000000,3.78515480,549221.10529741
2017-12-17 17:00:00,0.00070020,0.00071000,0.00069090,0.00071000,23866.32000000,1513533599999,16.75882439,249,14354.98000000,10.10441951,608155.13817935
2017-12-17 18:00:00,0.00071000,0.00072000,0.00070750,0.00071990,11692.30000000,1513537199999,8.38004559,295,5499.72000000,3.93808089,710965.35334483
2017-12-17 19:00:00,0.00071980,0.00075000,0.00071160,0.00074000,23043.88000000,1513540799999,16.67022330,363,15579.36000000,11.27419392,716733.97018862
2017-12-17 20:00:00,0.00074050,0.00075340,0.00071220,0.00072000,19777.53000000,1513544399999,14.53751637,492,8727.22000000,6.40800024,729650.15245879
2017-12-17 21:00:00,0.00072010,0.00074000,0.00071280,0.00074000,12322.14000000,1513547999999,8.97743427,318,4995.80000000,3.63454004,730334.63361687
2017-12-17 22:00:00,0.00074010,0.00075000,0.00070000,0.00070240,20078.72000000,1513551599999,14.65359332,425,6583.70000000,4.80101692,743973.05184646
2017-12-17 23:00:00,0.00070240,0.00073480,0.00069520,0.00070000,16108.73000000,1513555199999,11.44312227,241,11021.56000000,7.83616353,746687.50773961
2017-12-18 00:00:00,0.00071220,0.00072410,0.00070930,0.00071440,6319.22000000,1513558799999,4.51501295,134,4193.88000000,2.99679984,747198.73138461
2017-12-18 01:00:00,0.00071440,0.00072480,0.00069510,0.00070970,8663.14000000,1513562399999,6.11372912,162,3186.71000000,2.25917051,747578.23104820
2017-12-18 02:00:00,0.00070450,0.00072480,0.00070450,0.00072050,6144.11000000,1513565999999,4.36364759,85,4852.03000000,3.44867882,748403.28485369
2017-12-18 03:00:00,0.00072040,0.00073370,0.00071920,0.00073280,12603.14000000,1513569599999,9.18844776,232,11666.52000000,8.50934640,754283.50849854
2017-12-18 04:00:00,0.00073240,0.00073980,0.00072400,0.00073720,4012.46000000,1513573199999,2.94260949,114,2008.37000000,1.47636710,754403.45075324
2017-12-18 05:00:00,0.00073470,0.00074000,0.00072000,0.00073760,12069.11000000,1513576799999,8.83088696,198,6572.46000000,4.83453816,756131.87251696
2017-12-18 06:00:00,0.00073760,0.00074860,0.00073060,0.00074590,19290.40000000,1513580399999,14.24786678,225,16915.35000000,12.50132688,756630.33684402
2017-12-18 07:00:00,0.00074860,0.00075320,0.00071000,0.00075150,19870.10000000,1513583999999,14.64084895,222,4082.22000000,3.05712096,764283.03979375
2017-12-18 08:00:00,0.00075150,0.00075480,0.00074000,0.00075460,11247.40000000,1513587599999,8.45435740,287,5679.76000000,4.27669653,768768.21333266
2017-12-18 09:00:00,0.00075430,0.00075500,0.00073300,0.00074920,12200.06000000,1513591199999,9.07677938,281,7426.35000000,5.53281006,770740.11704114
2017-12-18 10:00:00,0.00074920,0.00079790,0.00073900,0.00076810,55251.88000000,1513594799999,42.52149897,630,37591.22000000,28.95622938,774466.96968726
2017-12-18 11:00:00,0.00077000,0.00078860,0.00075050,0.00076010,24387.21000000,1513598399999,18.83254526,470,6243.14000000,4.84438065,784986.17562831
2017-12-18 12:00:00,0.00076300,0.00078500,0.00075230,0.00078440,13555.06000000,1513600155437,10.43809896,212,5512.93000000,4.26514488,786507.46086919
2017-12-18 13:00:00,0.00077260,0.00078000,0.00075000,0.00075800,9621.49000000,1513605599999,7.28876971,223,1765.09000000,1.34525351,0
2017-12-18 14:00:00,0.00075800,0.00078300,0.00075300,0.00078200,15192.79000000,1513609199999,11.61333614,412,9435.99000000,7.23601692,0
2017-12-18 15:00:00,0.00078200,0.00081640,0.00078150,0.00080500,26373.80000000,1513612799999,21.07549769,664,18078.26000000,14.43515249,0
2017-12-18 16:00:00,0.00080530,0.00087000,0.00080520,0.00084430,56982.39000000,1513616399999,47.91852650,1170,26354.38000000,22.14386112,0
2017-12-18 17:00:00,0.00084430,0.00089200,0.00081130,0.00089200,101095.63000000,1513619999999,86.81309069,1124,40883.30000000,35.24584217,0
2017-12-18 18:00:00,0.00089200,0.00089400,0.00083420,0.00084430,38237.09000000,1513623599999,32.57382280,844,13315.74000000,11.38174912,0
2017-12-18 19:00:00,0.00084600,0.00085360,0.00082000,0.00082490,23275.74000000,1513627199999,19.32907062,580,8941.34000000,7.43083049,0
2017-12-18 20:00:00,0.00082300,0.00085000,0.00082100,0.00082240,15191.29000000,1513630799999,12.66352112,496,7314.10000000,6.11472778,0
2017-12-18 21:00:00,0.00082510,0.00084220,0.00082230,0.00083030,11406.24000000,1513634399999,9.45161720,429,7449.62000000,6.17540780,0
2017-12-18 22:00:00,0.00083040,0.00084790,0.00082110,0.00082230,14504.61000000,1513637999999,12.08840434,403,5688.55000000,4.75843599,0
2017-12-18 23:00:00,0.00082250,0.00084300,0.00080080,0.00084000,11491.60000000,1513641599999,9.40691207,353,4648.24000000,3.82287417,0
2017-12-19 00:00:00,0.00083970,0.00084790,0.00082160,0.00084650,12314.38000000,1513645199999,10.29896822,281,6704.95000000,5.62526189,0
2017-12-19 01:00:00,0.00084630,0.00088800,0.00083590,0.00088000,22394.57000000,1513648799999,19.40673905,413,14950.92000000,12.94228325,0
2017-12-19 02:00:00,0.00088000,0.00090000,0.00085700,0.00085960,29943.86000000,1513652399999,26.38604233,609,14078.88000000,12.42807664,0
2017-12-19 03:00:00,0.00085940,0.00090000,0.00084360,0.00088800,21442.37000000,1513655999999,18.82149856,377,12238.70000000,10.81113943,0
2017-12-19 04:00:00,0.00088780,0.00089690,0.00084250,0.00085000,15259.93000000,1513659599999,13.21635556,471,5375.68000000,4.67571610,0
2017-12-19 05:00:00,0.00085300,0.00088000,0.00084310,0.00086450,14336.79000000,1513663199999,12.35263470,445,9511.86000000,8.19871009,0
2017-12-19 06:00:00,0.00086450,0.00090000,0.00085840,0.00088800,22322.59000000,1513666799999,19.76440261,567,13467.86000000,11.92637302,0
2017-12-19 07:00:00,0.00088900,0.00092700,0.00087300,0.00091310,10324.78000000,1513670399999,9.21454029,405,5058.03000000,4.53403288,0
2017-12-19 08:00:00,0.00091000,0.00091960,0.00089440,0.00090210,18657.65000000,1513673999999,16.90609538,496,10144.18000000,9.21405116,0
2017-12-19 09:00:00,0.00090220,0.00098870,0.00090200,0.00094960,55146.99000000,1513677599999,52.18484788,1165,30242.03000000,28.58657890,0
2017-12-19 10:00:00,0.00094960,0.00098390,0.00089500,0.00092100,45555.38000000,1513681199999,42.44406990,1175,19093.12000000,17.81374874,0
2017-12-19 11:00:00,0.00091880,0.00092780,0.00090000,0.00091990,28380.67000000,1513684799999,25.96002063,787,11156.13000000,10.24555229,0
2017-12-19 12:00:00,0.00091970,0.00092500,0.00089500,0.00090750,23276.03000000,1513688399999,21.16666296,590,4926.95000000,4.47315487,0
2017-12-19 13:00:00,0.00090800,0.00092500,0.00090510,0.00092310,10220.01000000,1513691999999,9.35823536,354,5238.48000000,4.80745134,0
2017-12-19 14:00:00,0.00092440,0.00092440,0.00089500,0.00089910,19026.77000000,1513695599999,17.30348130,564,6405.88000000,5.81877995,0
2017-12-19 15:00:00,0.00089910,0.00092500,0.00088800,0.00091900,15932.05000000,1513699199999,14.36336854,518,7579.93000000,6.84218853,0
2017-12-19 16:00:00,0.00091900,0.00092800,0.00088900,0.00088950,14707.24000000,1513702799999,13.42672817,472,4670.66000000,4.26857666,0
2017-12-19 17:00:00,0.00089840,0.00090860,0.00088960,0.00089970,7585.92000000,1513706399999,6.83365241,328,4215.78000000,3.80216690,0
2017-12-19 18:00:00,0.00089560,0.00089900,0.00087420,0.00088860,15966.92000000,1513709999999,14.18331098,454,5702.90000000,5.07206170,0
2017-12-19 19:00:00,0.00088860,0.00089500,0.00087200,0.00089500,8873.61000000,1513713599999,7.86856511,379,5652.74000000,5.01964262,0
2017-12-19 20:00:00,0.00089500,0.00094510,0.00089180,0.00091190,14866.71000000,1513717199999,13.58423090,552,7418.67000000,6.79362179,0
2017-12-19 21:00:00,0.00091180,0.00091220,0.00083500,0.00083960,30356.29000000,1513720799999,26.40646399,809,15201.01000000,13.18029069,0
2017-12-19 22:00:00,0.00083500,0.00091730,0.00082640,0.00088940,18509.59000000,1513724399999,15.93649043,536,8544.58000000,7.40757888,0
2017-12-19 23:00:00,0.00089000,0.00090000,0.00088530,0.00089810,9940.20000000,1513727999999,8.90910140,302,4453.01000000,3.99005891,0
2017-12-20 00:00:00,0.00089810,0.00093000,0.00071390,0.00074400,42743.39000000,1513731599999,34.31606250,850,9822.82000000,8.40437192,0
2017-12-20 01:00:00,0.00074000,0.00083000,0.00072000,0.00080760,45373.72000000,1513735199999,34.20898601,464,18492.77000000,14.10858351,0
2017-12-20 02:00:00,0.00080790,0.00086900,0.00078500,0.00086900,9896.17000000,1513738799999,8.10501714,290,4799.51000000,3.98666261,0
2017-12-20 03:00:00,0.00086880,0.00087570,0.00080000,0.00082580,10270.49000000,1513742399999,8.58175611,309,4423.97000000,3.72455818,0
2017-12-20 04:00:00,0.00083010,0.00086800,0.00082580,0.00084480,6517.51000000,1513745999999,5.56036803,240,3268.99000000,2.79310829,0
2017-12-20 05:00:00,0.00084480,0.00086220,0.00081000,0.00084500,7672.86000000,1513749599999,6.50449921,231,3847.04000000,3.27358518,0
2017-12-20 06:00:00,0.00085980,0.00090000,0.00081210,0.00081900,29001.02000000,1513753199999,24.95237407,601,17850.02000000,15.46623398,0
2017-12-20 07:00:00,0.00082000,0.00086470,0.00080500,0.00085000,16331.53000000,1513756799999,13.47961682,418,10203.47000000,8.38677510,0
2017-12-20 08:00:00,0.00085750,0.00090100,0.00085290,0.00090090,10741.57000000,1513760399999,9.50711869,366,6958.70000000,6.16115174,0
2017-12-20 09:00:00,0.00089890,0.00091400,0.00089100,0.00089950,16209.03000000,1513763999999,14.59003545,410,8088.74000000,7.28428188,0
2017-12-20 10:00:00,0.00089950,0.00090990,0.00086890,0.00089000,14367.24000000,1513767599999,12.83670155,477,3706.38000000,3.31218998,0
2017-12-20 11:00:00,0.00089000,0.00089360,0.00085500,0.00087800,13218.93000000,1513771199999,11.56554052,464,5900.28000000,5.18823522,0
2017-12-20 12:00:00,0.00087800,0.00090960,0.00087440,0.00090220,12777.99000000,1513774799999,11.29685943,401,7098.17000000,6.28770868,0
2017-12-20 13:00:00,0.00090220,0.00090990,0.00087500,0.00090030,17839.20000000,1513778399999,16.04463897,560,8900.30000000,8.03252522,0
2017-12-20 14:00:00,0.00088310,0.00089660,0.00087000,0.00087250,9693.27000000,1513781999999,8.52332696,349,4505.28000000,3.97153138,0
2017-12-20 15:00:00,0.00087500,0.00089100,0.00086840,0.00087070,19609.87000000,1513785599999,17.21316815,378,11573.16000000,10.16864619,0
2017-12-20 16:00:00,0.00087750,0.00087880,0.00085560,0.00085620,16728.01000000,1513789199999,14.51362451,495,8025.74000000,6.98076567,0
2017-12-20 17:00:00,0.00085760,0.00089500,0.00085650,0.00088000,19633.48000000,1513792799999,17.29865525,473,11426.44000000,10.09828141,0
2017-12-20 18:00:00,0.00088000,0.00091040,0.00087710,0.00090600,36009.11000000,1513796399999,32.41462040,655,13743.96000000,12.38898456,0
2017-12-20 19:00:00,0.00090590,0.00091230,0.00089990,0.00090700,12878.05000000,1513799999999,11.64698633,457,4619.04000000,4.17830494,0
2017-12-20 20:00:00,0.00090040,0.00092000,0.00090000,0.00090550,15347.98000000,1513803599999,14.00006635,541,9705.97000000,8.87746507,0
2017-12-20 21:00:00,0.00090550,0.00094000,0.00089990,0.00091730,18776.34000000,1513807199999,17.05144278,521,8804.75000000,8.04816359,0
2017-12-20 22:00:00,0.00091740,0.00091960,0.00090290,0.00091120,13035.29000000,1513810799999,11.91010695,471,6455.53000000,5.90774669,0
2017-12-20 23:00:00,0.00091120,0.00093980,0.00090840,0.00093620,13584.78000000,1513814399999,12.56067984,381,7142.05000000,6.58769601,0
2017-12-21 00:00:00,0.00093650,0.00094000,0.00091750,0.00092800,16831.77000000,1513817999999,15.60572171,581,7966.88000000,7.41567990,0
2017-12-21 01:00:00,0.00092790,0.00095990,0.00091000,0.00094700,23641.54000000,1513821599999,22.31258448,550,13477.59000000,12.73164835,0
2017-12-21 02:00:00,0.00095100,0.00095520,0.00092990,0.00095470,16509.92000000,1513825199999,15.63317644,418,9005.87000000,8.54256797,0
2017-12-21 03:00:00,0.00095470,0.00096000,0.00094200,0.00094370,28449.22000000,1513828799999,26.98837590,477,14651.21000000,13.91369867,0
2017-12-21 04:00:00,0.00094360,0.00095140,0.00090310,0.00092700,25637.41000000,1513832399999,23.76265013,549,7848.42000000,7.28089295,0
2017-12-21 05:00:00,0.00092700,0.00093210,0.00092010,0.00092900,27488.01000000,1513835999999,25.44385908,424,6876.93000000,6.35846460,0
2017-12-21 06:00:00,0.00092600,0.00094640,0.00092490,0.00093100,20652.10000000,1513839599999,19.24451877,579,7900.24000000,7.38435145,0
2017-12-21 07:00:00,0.00093100,0.00095600,0.00093080,0.00095600,18858.56000000,1513843199999,17.70259266,561,10622.00000000,9.99327963,0
2017-12-21 08:00:00,0.00095600,0.00097000,0.00094780,0.00096210,23917.10000000,1513846799999,22.91846344,692,10988.59000000,10.54465793,0
2017-12-21 09:00:00,0.00096210,0.00097870,0.00095550,0.00097800,16843.45000000,1513850399999,16.32074238,485,8987.74000000,8.72229224,0
2017-12-21 10:00:00,0.00097690,0.00097820,0.00095850,0.00096940,16779.43000000,1513853999999,16.29967309,540,7297.96000000,7.09284615,0
2017-12-21 11:00:00,0.00096940,0.00097690,0.00095670,0.00097690,13460.29000000,1513857599999,13.09775780,378,10149.34000000,9.88357974,0
2017-12-21 12:00:00,0.00097690,0.00100960,0.00097590,0.00100910,29344.99000000,1513861199999,29.17431337,805,21745.44000000,21.61139133,0
2017-12-21 13:00:00,0.00100910,0.00101660,0.00099000,0.00099600,40473.86000000,1513864799999,40.51351633,837,15706.08000000,15.72588278,0
2017-12-21 14:00:00,0.00099050,0.00099660,0.00093000,0.00095180,45933.84000000,1513868399999,44.16354475,1058,16050.38000000,15.57427019,0
2017-12-21 15:00:00,0.00095990,0.00095990,0.00091090,0.00092250,26227.41000000,1513871999999,24.50342784,795,10858.28000000,10.16341360,0
2017-12-21 16:00:00,0.00092250,0.00096740,0.00091020,0.00096740,17445.16000000,1513875599999,16.41585673,633,10977.48000000,10.32587312,0
2017-12-21 17:00:00,0.00096700,0.00098700,0.00096530,0.00097100,14641.14000000,1513879199999,14.25209116,457,6445.07000000,6.28242776,0
2017-12-21 18:00:00,0.00097280,0.00098000,0.00095900,0.00096930,11137.87000000,1513882799999,10.81742296,413,6440.74000000,6.26470899,0
2017-12-21 19:00:00,0.00096930,0.00098460,0.00096000,0.00097700,13704.53000000,1513886399999,13.33352727,409,7657.15000000,7.45759666,0
2017-12-21 20:00:00,0.00097780,0.00103210,0.00097780,0.00103210,24110.93000000,1513889999999,24.16830511,783,14766.30000000,14.83381088,0
2017-12-21 21:00:00,0.00103210,0.00108900,0.00102000,0.00104600,41831.83000000,1513893599999,44.32971610,1274,20938.58000000,22.20246679,0
2017-12-21 22:00:00,0.00104600,0.00105180,0.00100400,0.00102980,15762.19000000,1513897199999,16.23037477,731,7270.95000000,7.49376759,0
2017-12-21 23:00:00,0.00102960,0.00105000,0.00101610,0.00102940,21413.62000000,1513900799999,22.12608333,508,12922.19000000,13.39439781,0
2017-12-22 00:00:00,0.00102980,0.00105380,0.00097000,0.00097520,23303.06000000,1513904399999,23.58657266,644,8089.71000000,8.20740382,0
2017-12-22 01:00:00,0.00097680,0.00101020,0.00096830,0.00097800,13636.92000000,1513907999999,13.45284233,511,5912.36000000,5.84344082,0
2017-12-22 02:00:00,0.00098340,0.00098480,0.00095190,0.00095190,15898.37000000,1513911599999,15.35972212,391,7044.59000000,6.82180597,0
2017-12-22 03:00:00,0.00095700,0.00097200,0.00085490,0.00090460,30454.46000000,1513915199999,27.70348035,796,9725.03000000,8.77050154,0
2017-12-22 04:00:00,0.00090460,0.00097490,0.00090270,0.00096390,11717.77000000,1513918799999,10.95707366,467,5096.16000000,4.73970721,0
2017-12-22 05:00:00,0.00096440,0.00096440,0.00090300,0.00094870,10127.75000000,1513922399999,9.42733300,351,5320.62000000,4.97231693,0
2017-12-22 06:00:00,0.00093980,0.00094840,0.00090200,0.00090200,8979.91000000,1513925999999,8.29322140,333,2203.31000000,2.02745322,0
2017-12-22 07:00:00,0.00090200,0.00090980,0.00082150,0.00085010,41490.45000000,1513929599999,36.41374880,774,8102.60000000,6.97566010,0
2017-12-22 08:00:00,0.00085020,0.00090980,0.00085000,0.00090230,21788.43000000,1513933199999,18.82930916,471,7258.75000000,6.33131611,0
2017-12-22 09:00:00,0.00090000,0.00093000,0.00088240,0.00091810,12375.22000000,1513936799999,11.26904078,344,6887.79000000,6.28004081,0
2017-12-22 10:00:00,0.00091510,0.00092500,0.00088100,0.00088260,13191.95000000,1513940399999,11.98613721,426,4764.00000000,4.34998056,0
2017-12-22 11:00:00,0.00089930,0.00091290,0.00088000,0.00089230,6174.33000000,1513943999999,5.53746524,302,2622.54000000,2.35491811,0
2017-12-22 12:00:00,0.00089230,0.00091000,0.00088900,0.00088980,8296.34000000,1513947599999,7.40700622,295,3805.82000000,3.40391527,0
2017-12-22 13:00:00,0.00088900,0.00090040,0.00086080,0.00086080,19023.18000000,1513951199999,16.64833790,454,3162.60000000,2.77066935,0
2017-12-22 14:00:00,0.00086080,0.00086400,0.00082000,0.00082470,32931.89000000,1513954799999,27.63330299,546,8346.66000000,6.96875109,0
2017-12-22 15:00:00,0.00082500,0.00090340,0.00082500,0.00088810,14753.99000000,1513958399999,12.83227419,392,8598.84000000,7.48260960,0
2017-12-22 16:00:00,0.00088800,0.00091390,0.00086990,0.00089910,20202.03000000,1513961999999,17.95120033,469,10450.39000000,9.30375078,0
2017-12-22 17:00:00,0.00089910,0.00093000,0.00086000,0.00091350,22915.26000000,1513965599999,20.72106535,520,11876.78000000,10.76834788,0
2017-12-22 18:00:00,0.00091260,0.00092990,0.00089910,0.00091750,13518.68000000,1513969199999,12.34151367,401,8934.99000000,8.15863923,0
2017-12-22 19:00:00,0.00091750,0.00093680,0.00090900,0.00092280,13580.32000000,1513972799999,12.45064006,278,8954.89000000,8.21677449,0
2017-12-22 20:00:00,0.00092490,0.00093630,0.00090600,0.00090660,18201.20000000,1513976399999,16.77040259,456,6947.37000000,6.42776617,0
2017-12-22 21:00:00,0.00090680,0.00093700,0.00090200,0.00092990,16726.85000000,1513979999999,15.36951680,595,8771.19000000,8.07442889,0
2017-12-22 22:00:00,0.00092990,0.00095500,0.00091500,0.00094470,13277.66000000,1513983599999,12.40653397,432,7326.30000000,6.85847746,0
2017-12-22 23:00:00,0.00094230,0.00094230,0.00087270,0.00089990,19345.49000000,1513987199999,17.55381803,632,7675.54000000,6.94132698,0
2017-12-23 00:00:00,0.00090110,0.00091500,0.00089000,0.00090010,27978.42000000,1513990799999,25.20714375,369,4742.22000000,4.28730996,0
2017-12-23 01:00:00,0.00090010,0.00091670,0.00090010,0.00090140,2767.28000000,1513994399999,2.49695359,148,655.22000000,0.59305316,0
2017-12-23 02:00:00,0.00090140,0.00092900,0.00090050,0.00091500,6228.82000000,1513997999999,5.69415845,225,3408.82000000,3.12882615,0
2017-12-23 03:00:00,0.00091500,0.00094000,0.00090010,0.00093700,11607.68000000,1514001599999,10.65782653,283,7939.68000000,7.32144238,0
2017-12-23 04:00:00,0.00093700,0.00094000,0.00092000,0.00093970,4833.25000000,1514005199999,4.50810586,211,2285.29000000,2.13635142,0
2017-12-23 05:00:00,0.00093910,0.00094000,0.00091510,0.00091570,6633.32000000,1514008799999,6.13120837,197,1660.03000000,1.53336667,0
2017-12-23 06:00:00,0.00091570,0.00092880,0.00090100,0.00090840,7243.43000000,1514012399999,6.57839361,224,1408.23000000,1.28168474,0
2017-12-23 07:00:00,0.00090860,0.00091790,0.00090420,0.00091000,3882.83000000,1514015999999,3.53633558,166,2268.01000000,2.06730074,0
2017-12-23 08:00:00,0.00090890,0.00092800,0.00090650,0.00091630,5611.79000000,1514019599999,5.15255009,222,2309.68000000,2.12386863,0
2017-12-23 09:00:00,0.00091630,0.00092170,0.00090500,0.00090920,6122.35000000,1514023199999,5.56814291,296,2569.89000000,2.34056826,0
2017-12-23 10:00:00,0.00090950,0.00105800,0.00090010,0.00105800,60768.02000000,1514026799999,59.92833196,1645,39236.75000000,39.02685451,0
2017-12-23 11:00:00,0.00105700,0.00109980,0.00096110,0.00102350,70155.94000000,1514030399999,74.37365777,1907,35172.98000000,37.46179769,0
2017-12-23 12:00:00,0.00102340,0.00102350,0.00100000,0.00100100,35062.05000000,1514033999999,35.40024439,631,8839.92000000,8.94102040,0
2017-12-23 13:00:00,0.00100100,0.00101930,0.00098010,0.00099370,24599.15000000,1514037599999,24.65537401,616,10650.61000000,10.70808004,0
2017-12-23 14:00:00,0.00099340,0.00105000,0.00099010,0.00101790,25465.29000000,1514041199999,25.99724796,701,12148.37000000,12.44666058,0
2017-12-23 15:00:00,0.00101600,0.00101790,0.00098010,0.00098840,15676.41000000,1514044799999,15.63146029,543,7329.00000000,7.31158163,0
2017-12-23 16:00:00,0.00098840,0.00099910,0.00098090,0.00098990,9507.25000000,1514048399999,9.41795347,314,3991.24000000,3.95021468,0
2017-12-23 17:00:00,0.00098990,0.00102990,0.00097310,0.00099780,15522.49000000,1514051999999,15.56915656,582,6314.39000000,6.33967080,0
2017-12-23 18:00:00,0.00098660,0.00099780,0.00098000,0.00099190,12873.93000000,1514055599999,12.74312189,351,7084.67000000,7.02479282,0
2017-12-23 19:00:00,0.00099190,0.00099190,0.00096800,0.00097750,8817.20000000,1514059199999,8.66568063,356,3200.75000000,3.15437531,0
2017-12-23 20:00:00,0.00097750,0.00097750,0.00094510,0.00095270,15568.83000000,1514062799999,14.98746127,536,8797.06000000,8.47984802,0
2017-12-23 21:00:00,0.00095250,0.00097920,0.00095030,0.00096080,14112.63000000,1514066399999,13.66137944,526,7262.07000000,7.02983741,0
2017-12-23 22:00:00,0.00096140,0.00097220,0.00094500,0.00096700,9255.96000000,1514069999999,8.92898419,319,2489.14000000,2.40698749,0
2017-12-23 23:00:00,0.00096690,0.00096850,0.00093500,0.00093770,10186.08000000,1514073599999,9.73203157,423,4336.21000000,4.15012398,0
2017-12-24 00:00:00,0.00094330,0.00097140,0.00090100,0.00097000,24543.91000000,1514077199999,22.68889613,696,15478.22000000,14.33413986,0
2017-12-24 01:00:00,0.00097000,0.00097480,0.00094710,0.00095960,11093.73000000,1514080799999,10.61990867,416,4794.92000000,4.61437337,0
2017-12-24 02:00:00,0.00096380,0.00096430,0.00093310,0.00094960,5574.26000000,1514084399999,5.29511527,221,2854.73000000,2.71774770,0
2017-12-24 03:00:00,0.00094850,0.00095620,0.00092000,0.00093890,11378.15000000,1514087999999,10.70728256,251,4907.08000000,4.63575194,0
2017-12-24 04:00:00,0.00093790,0.00094910,0.00092300,0.00093500,5829.14000000,1514091599999,5.49051504,154,3603.73000000,3.39555659,0
2017-12-24 05:00:00,0.00093500,0.00094500,0.00093000,0.00093890,7753.07000000,1514095199999,7.23101999,159,1783.68000000,1.67036611,0
2017-12-24 06:00:00,0.00093890,0.00095280,0.00093000,0.00094550,8946.72000000,1514098799999,8.42661487,204,4642.05000000,4.38378890,0
2017-12-24 07:00:00,0.00094330,0.00097500,0.00093310,0.00093640,6825.98000000,1514102399999,6.46781644,209,2162.82000000,2.06773160,0
2017-12-24 08:00:00,0.00093620,0.00094090,0.00093300,0.00093990,5580.06000000,1514105999999,5.22601097,178,2060.82000000,1.93349607,0
2017-12-24 09:00:00,0.00093650,0.00095100,0.00087330,0.00092530,16761.61000000,1514109599999,15.43484587,395,3053.32000000,2.85501764,0
2017-12-24 10:00:00,0.00093030,0.00093030,0.00087130,0.00092200,11165.87000000,1514113199999,10.00621087,510,4932.56000000,4.41947533,0
2017-12-24 11:00:00,0.00092180,0.00092830,0.00090000,0.00090780,8060.41000000,1514116799999,7.35760708,351,3353.13000000,3.05995404,0
2017-12-24 12:00:00,0.00090610,0.00092450,0.00090120,0.00092040,9651.65000000,1514120399999,8.78569236,299,4122.46000000,3.75435308,0
2017-12-24 13:00:00,0.00092040,0.00096000,0.00091720,0.00095250,16774.79000000,1514123999999,15.79828716,468,8180.37000000,7.70619708,0
2017-12-24 14:00:00,0.00094450,0.00095670,0.00094110,0.00095670,5787.67000000,1514127599999,5.50908357,192,2193.40000000,2.09111822,0
2017-12-24 15:00:00,0.00095670,0.00097420,0.00094080,0.00095990,11715.70000000,1514131199999,11.26564230,304,4166.00000000,4.00680727,0
2017-12-24 16:00:00,0.00096050,0.00096730,0.00095000,0.00095120,4669.38000000,1514134799999,4.46639715,175,2230.05000000,2.13501959,0
2017-12-24 17:00:00,0.00095420,0.00095500,0.00091910,0.00093700,7064.60000000,1514138399999,6.66575630,289,2626.06000000,2.48524653,0
2017-12-24 18:00:00,0.00093500,0.00094050,0.00091640,0.00093650,5967.13000000,1514141999999,5.56236216,192,2009.25000000,1.87814616,0
2017-12-24 19:00:00,0.00093240,0.00095060,0.00092710,0.00094320,4124.06000000,1514145599999,3.87204716,162,2315.49000000,2.17886604,0
2017-12-24 20:00:00,0.00094380,0.00096130,0.00092600,0.00094830,6563.83000000,1514149199999,6.24891285,265,4124.85000000,3.92906026,0
2017-12-24 21:00:00,0.00095440,0.00095450,0.00093610,0.00094980,4668.59000000,1514152799999,4.42031787,134,3146.18000000,2.98544810,0
2017-12-24 22:00:00,0.00094980,0.00099000,0.00094980,0.00096990,9563.37000000,1514156399999,9.27939192,417,5783.20000000,5.60779910,0
2017-12-24 23:00:00,0.00096990,0.00097000,0.00093750,0.00094200,7701.51000000,1514159999999,7.36879484,263,3561.32000000,3.41953985,0
2017-12-25 00:00:00,0.00094470,0.00095800,0.00088110,0.00092000,27742.29000000,1514163599999,25.25163836,615,11592.87000000,10.51429444,0
2017-12-25 01:00:00,0.00091800,0.00092090,0.00091650,0.00092070,11096.52000000,1514167199999,10.21728929,142,10393.36000000,9.57092624,0
2017-12-25 02:00:00,0.00092070,0.00095310,0.00091790,0.00093720,11261.80000000,1514170799999,10.39370760,224,10089.07000000,9.30516952,0
2017-12-25 03:00:00,0.00093800,0.00095310,0.00093710,0.00094210,3269.97000000,1514174399999,3.08715077,119,1387.37000000,1.31357504,0
2017-12-25 04:00:00,0.00094250,0.00095310,0.00093710,0.00095310,5216.93000000,1514177999999,4.92878726,189,2120.02000000,2.00938054,0
2017-12-25 05:00:00,0.00095450,0.00098490,0.00094720,0.00097850,11963.23000000,1514181599999,11.51168391,331,6676.79000000,6.43819826,0
2017-12-25 06:00:00,0.00097400,0.00098500,0.00095000,0.00098300,6856.89000000,1514185199999,6.70248194,261,3437.14000000,3.36556970,0
2017-12-25 07:00:00,0.00098300,0.00098440,0.00097900,0.00098440,5764.16000000,1514188799999,5.66009721,113,2498.84000000,2.45696120,0
2017-12-25 08:00:00,0.00098410,0.00098490,0.00096540,0.00096970,6654.47000000,1514192399999,6.51496266,210,1137.44000000,1.10643807,0
2017-12-25 09:00:00,0.00096970,0.00097000,0.00096050,0.00096160,4020.45000000,1514195999999,3.88155151,201,1103.24000000,1.06663984,0
2017-12-25 10:00:00,0.00096160,0.00098500,0.00096050,0.00098000,5868.38000000,1514199599999,5.70653276,233,3873.71000000,3.76780395,0
2017-12-25 11:00:00,0.00098000,0.00098000,0.00092910,0.00093010,14831.63000000,1514203199999,14.13642802,447,5637.75000000,5.37412982,0
2017-12-25 12:00:00,0.00094040,0.00096300,0.00092500,0.00096300,14464.92000000,1514206799999,13.71707583,438,6876.45000000,6.56764576,0
2017-12-25 13:00:00,0.00096300,0.00096600,0.00090200,0.00094940,22992.51000000,1514210399999,21.58158971,680,8883.61000000,8.41208331,0
2017-12-25 14:00:00,0.00094940,0.00096600,0.00094940,0.00096590,8585.54000000,1514213999999,8.24931241,225,4217.16000000,4.05958478,0
2017-12-25 15:00:00,0.00096600,0.00097340,0.00096230,0.00097340,6479.09000000,1514217599999,6.27364650,254,5297.11000000,5.13083839,0
2017-12-25 16:00:00,0.00097340,0.00098060,0.00096380,0.00098060,10836.81000000,1514221199999,10.53951223,304,7034.26000000,6.85221179,0
2017-12-25 17:00:00,0.00098060,0.00103990,0.00098060,0.00102710,30191.01000000,1514224799999,30.60069718,1071,19602.53000000,19.86021123,0
2017-12-25 18:00:00,0.00102700,0.00103000,0.00100120,0.00102690,10583.89000000,1514228399999,10.77587616,372,5332.84000000,5.44234134,0
2017-12-25 19:00:00,0.00102930,0.00103200,0.00100000,0.00100380,8425.59000000,1514231999999,8.55457173,405,4916.02000000,4.99365909,0
2017-12-25 20:00:00,0.00100350,0.00103000,0.00100000,0.00102480,11177.55000000,1514235599999,11.37008284,475,7488.12000000,7.61811962,0
2017-12-25 21:00:00,0.00102490,0.00103500,0.00102490,0.00103490,5998.89000000,1514239199999,6.17933238,282,4162.43000000,4.29069470,0
2017-12-25 22:00:00,0.00103290,0.00103490,0.00100530,0.00101850,5739.38000000,1514242799999,5.87183396,240,1666.93000000,1.71521864,0
2017-12-25 23:00:00,0.00101700,0.00102450,0.00100500,0.00101430,4706.78000000,1514246399999,4.78185983,178,2382.80000000,2.42934270,0
2017-12-26 00:00:00,0.00101430,0.00101930,0.00099100,0.00099480,6501.91000000,1514249999999,6.49905256,280,2909.28000000,2.90130203,0
2017-12-26 01:00:00,0.00099490,0.00100000,0.00099050,0.00099580,7047.20000000,1514253599999,7.02050292,148,4050.16000000,4.04013737,0
2017-12-26 02:00:00,0.00099570,0.00101590,0.00099140,0.00101450,6660.15000000,1514257199999,6.67994888,251,5065.76000000,5.08377491,0
2017-12-26 03:00:00,0.00101450,0.00103000,0.00099190,0.00102510,11393.25000000,1514260799999,11.59257482,427,6371.33000000,6.50149443,0
2017-12-26 04:00:00,0.00102510,0.00103000,0.00093710,0.00093730,19620.86000000,1514264399999,19.18150706,445,8462.07000000,8.35236828,0
2017-12-26 05:00:00,0.00094100,0.00094760,0.00087500,0.00093500,44830.74000000,1514267999999,40.76587463,762,22509.72000000,20.46511180,0
2017-12-26 06:00:00,0.00093500,0.00094000,0.00090010,0.00091050,13072.86000000,1514271599999,12.05410322,425,8629.34000000,7.98940585,0
2017-12-26 07:00:00,0.00091050,0.00095000,0.00090010,0.00094000,10579.65000000,1514275199999,9.82221724,266,5753.58000000,5.35834258,0
2017-12-26 08:00:00,0.00094000,0.00095000,0.00091500,0.00094040,8040.10000000,1514278799999,7.55715103,255,4952.77000000,4.66804350,0
2017-12-26 09:00:00,0.00094060,0.00095510,0.00093000,0.00093010,8428.69000000,1514282399999,7.93737311,216,3433.58000000,3.23613050,0
2017-12-26 10:00:00,0.00093800,0.00093980,0.00090500,0.00093740,7247.19000000,1514285999999,6.72424286,330,2794.42000000,2.59992029,0
2017-12-26 11:00:00,0.00093010,0.00093740,0.00092910,0.00093280,2479.89000000,1514289599999,2.31127214,103,996.50000000,0.92932635,0
2017-12-26 12:00:00,0.00093240,0.00094000,0.00091980,0.00092470,6514.21000000,1514293199999,6.05299361,246,3774.32000000,3.51254842,0
2017-12-26 13:00:00,0.00092480,0.00092480,0.00090230,0.00091000,6787.07000000,1514296799999,6.16034050,262,2589.51000000,2.35245940,0
2017-12-26 14:00:00,0.00091000,0.00091300,0.00087400,0.00087400,37235.19000000,1514300399999,33.25629751,561,12238.81000000,10.96101971,0
2017-12-26 15:00:00,0.00087400,0.00088000,0.00085900,0.00087780,23714.92000000,1514303999999,20.57787314,450,8273.62000000,7.20606985,0
2017-12-26 16:00:00,0.00087960,0.00088000,0.00084310,0.00084500,12018.21000000,1514307599999,10.29649376,352,5306.76000000,4.55130912,0
2017-12-26 17:00:00,0.00085000,0.00086350,0.00084100,0.00085900,13467.16000000,1514311199999,11.46499684,287,10225.68000000,8.71920738,0
2017-12-26 18:00:00,0.00085910,0.00087900,0.00085910,0.00087600,11395.48000000,1514314799999,9.88570609,237,8458.11000000,7.33560875,0
2017-12-26 19:00:00,0.00087600,0.00087980,0.00086620,0.00087980,4628.00000000,1514318399999,4.06033249,181,2991.69000000,2.62809214,0
2017-12-26 20:00:00,0.00087980,0.00087980,0.00086250,0.00086400,5961.91000000,1514321999999,5.20117394,198,3290.19000000,2.88014226,0
2017-12-26 21:00:00,0.00086490,0.00088990,0.00086110,0.00087980,4432.90000000,1514325599999,3.86619329,208,2644.19000000,2.31498735,0
2017-12-26 22:00:00,0.00087980,0.00088350,0.00086900,0.00088340,4266.68000000,1514329199999,3.73687317,184,2072.36000000,1.81429587,0
2017-12-26 23:00:00,0.00087780,0.00089800,0.00087700,0.00089300,4823.83000000,1514332799999,4.29373901,199,2499.40000000,2.22568464,0
2017-12-27 00:00:00,0.00089300,0.00091230,0.00087700,0.00087720,8824.98000000,1514336399999,7.88974581,330,3890.68000000,3.49059039,0
2017-12-27 01:00:00,0.00087720,0.00088700,0.00085410,0.00086060,5650.72000000,1514339999999,4.89168831,212,2083.88000000,1.81026245,0
2017-12-27 02:00:00,0.00086660,0.00087190,0.00085390,0.00087190,7249.39000000,1514343599999,6.22866171,237,1831.58000000,1.58768995,0
2017-12-27 03:00:00,0.00087390,0.00087640,0.00086910,0.00086990,2277.10000000,1514347199999,1.98530664,117,559.37000000,0.48737440,0
2017-12-27 04:00:00,0.00086990,0.00087180,0.00083220,0.00083700,8545.60000000,1514350799999,7.29556336,289,1887.74000000,1.60331838,0
2017-12-27 05:00:00,0.00083700,0.00085970,0.00083100,0.00085220,5937.51000000,1514354399999,4.99308839,227,3221.69000000,2.71129365,0
2017-12-27 06:00:00,0.00085220,0.00085440,0.00083540,0.00084000,5481.94000000,1514357999999,4.63953676,196,979.36000000,0.83234951,0
2017-12-27 07:00:00,0.00084050,0.00087140,0.00084000,0.00086630,8984.64000000,1514361599999,7.66098938,280,5755.81000000,4.90416636,0
2017-12-27 08:00:00,0.00086650,0.00088000,0.00085700,0.00085920,7331.46000000,1514365199999,6.37139311,272,1707.11000000,1.49083897,0
2017-12-27 09:00:00,0.00085920,0.00086940,0.00085000,0.00086900,8962.78000000,1514368799999,7.72425990,203,6357.43000000,5.49198416,0
2017-12-27 10:00:00,0.00086900,0.00088100,0.00086500,0.00087900,4838.31000000,1514372399999,4.23597488,204,2776.12000000,2.43238866,0
2017-12-27 11:00:00,0.00088000,0.00090700,0.00087900,0.00090090,11077.97000000,1514375999999,9.90984077,281,5776.61000000,5.16259827,0
2017-12-27 12:00:00,0.00090090,0.00090450,0.00088100,0.00088250,18457.24000000,1514379599999,16.56127460,283,1410.88000000,1.25377408,0
2017-12-27 13:00:00,0.00088100,0.00089970,0.00087700,0.00088210,5118.64000000,1514383199999,4.51799699,238,2530.61000000,2.23647352,0
2017-12-27 14:00:00,0.00088220,0.00090000,0.00087820,0.00089100,9187.58000000,1514386799999,8.17098042,289,3674.69000000,3.27338918,0
2017-12-27 15:00:00,0.00089100,0.00089960,0.00088150,0.00088880,5400.59000000,1514390399999,4.80688141,238,1848.65000000,1.64684745,0
2017-12-27 16:00:00,0.00088800,0.00090230,0.00087000,0.00089530,8709.70000000,1514393999999,7.78404808,330,5546.17000000,4.97347400,0
2017-12-27 17:00:00,0.00089530,0.00090970,0.00088280,0.00090140,12669.78000000,1514397599999,11.41714268,331,6801.85000000,6.15868823,0
2017-12-27 18:00:00,0.00090140,0.00090880,0.00087900,0.00089020,8509.32000000,1514401199999,7.55317449,256,2317.88000000,2.06376830,0
2017-12-27 19:00:00,0.00087900,0.00088990,0.00087710,0.00088470,4422.42000000,1514404799999,3.89497365,227,2432.99000000,2.14719064,0
2017-12-27 20:00:00,0.00088470,0.00088470,0.00087900,0.00088400,4300.34000000,1514408399999,3.79373926,229,1866.44000000,1.64778436,0
2017-12-27 21:00:00,0.00088400,0.00088470,0.00086230,0.00087700,7481.38000000,1514411999999,6.52733112,272,3251.98000000,2.83737663,0
2017-12-27 22:00:00,0.00087700,0.00087700,0.00086000,0.00086120,6187.63000000,1514415599999,5.36342028,247,2266.04000000,1.96822907,0
2017-12-27 23:00:00,0.00086130,0.00086700,0.00086000,0.00086200,5872.43000000,1514419199999,5.07775616,234,2865.67000000,2.47969703,0
2017-12-28 00:00:00,0.00086200,0.00086680,0.00085470,0.00086570,4385.34000000,1514422799999,3.76798779,218,1694.74000000,1.45806024,0
2017-12-28 01:00:00,0.00086600,0.00086600,0.00085410,0.00086040,4279.99000000,1514426399999,3.68362564,204,2370.67000000,2.04077235,0
2017-12-28 02:00:00,0.00086040,0.00086040,0.00082000,0.00082690,14132.21000000,1514429999999,11.79991672,508,2873.52000000,2.39993036,0
2017-12-28 03:00:00,0.00082650,0.00085310,0.00077770,0.00085310,17814.53000000,1514433599999,14.76831872,372,6520.08000000,5.45106763,0
2017-12-28 04:00:00,0.00085020,0.00085760,0.00083150,0.00085120,6458.40000000,1514437199999,5.48915263,199,1675.85000000,1.41922565,0
2017-12-28 05:00:00,0.00085120,0.00085900,0.00082100,0.00083520,10459.72000000,1514440799999,8.76569491,298,3051.39000000,2.54881085,0
2017-12-28 06:00:00,0.00083520,0.00084140,0.00082500,0.00083800,10673.48000000,1514444399999,8.88011221,289,5203.75000000,4.33355073,0
2017-12-28 07:00:00,0.00083800,0.00084930,0.00083500,0.00084800,4353.15000000,1514447999999,3.67166705,158,3010.61000000,2.54184927,0
2017-12-28 08:00:00,0.00084950,0.00087990,0.00084950,0.00087990,9778.93000000,1514451599999,8.49326749,266,7137.78000000,6.19269805,0
2017-12-28 09:00:00,0.00087990,0.00088000,0.00084530,0.00086130,9391.70000000,1514455199999,8.08270000,292,5806.08000000,4.99766061,0
2017-12-28 10:00:00,0.00086200,0.00087390,0.00085760,0.00085990,4916.37000000,1514458799999,4.26052189,175,2469.59000000,2.14496644,0
2017-12-28 11:00:00,0.00086550,0.00087020,0.00084540,0.00084760,13331.32000000,1514462399999,11.42119654,346,7530.21000000,6.46275583,0
2017-12-28 12:00:00,0.00084870,0.00086330,0.00084540,0.00086330,6683.28000000,1514465999999,5.73481604,202,4154.07000000,3.56918263,0
2017-12-28 13:00:00,0.00086340,0.00088000,0.00086040,0.00087430,3444.60000000,1514469599999,2.99967767,207,2201.22000000,1.91733566,0
2017-12-28 14:00:00,0.00087860,0.00088530,0.00087500,0.00088300,6298.83000000,1514473199999,5.54896077,281,3050.45000000,2.68782959,0
2017-12-28 15:00:00,0.00088160,0.00088670,0.00088000,0.00088000,5000.61000000,1514476799999,4.41606417,187,1112.66000000,0.98415386,0
2017-12-28 16:00:00,0.00088010,0.00088390,0.00086550,0.00086900,4961.38000000,1514480399999,4.32526233,233,1872.93000000,1.63330107,0
2017-12-28 17:00:00,0.00086560,0.00087260,0.00086100,0.00087260,7095.21000000,1514483999999,6.15387872,203,4749.40000000,4.12427471,0
2017-12-28 18:00:00,0.00087010,0.00088490,0.00086760,0.00087610,10616.24000000,1514487599999,9.32958846,304,4985.37000000,4.39037812,0
2017-12-28 19:00:00,0.00088290,0.00090000,0.00088110,0.00089900,10846.81000000,1514491199999,9.67412069,393,8976.11000000,8.00419353,0
2017-12-28 20:00:00,0.00089900,0.00090000,0.00087870,0.00088500,6223.35000000,1514494799999,5.52717456,316,2615.09000000,2.33385494,0
2017-12-28 21:00:00,0.00088490,0.00089390,0.00088110,0.00089100,5473.36000000,1514498399999,4.85557183,202,2303.89000000,2.04096505,0
2017-12-28 22:00:00,0.00089100,0.00089100,0.00087700,0.00088390,10605.71000000,1514501999999,9.36030411,264,4643.37000000,4.09733752,0
2017-12-28 23:00:00,0.00088110,0.00088550,0.00087740,0.00088490,3610.31000000,1514505599999,3.18358314,192,1163.18000000,1.02614798,0
2017-12-29 00:00:00,0.00088150,0.00088490,0.00087880,0.00088400,6486.35000000,1514509199999,5.71781822,200,2061.64000000,1.82196124,0
2017-12-29 01:00:00,0.00088400,0.00088440,0.00086100,0.00087790,6973.03000000,1514512799999,6.10293060,261,2605.34000000,2.28844043,0
2017-12-29 02:00:00,0.00087000,0.00089990,0.00086320,0.00087890,9412.88000000,1514516399999,8.30087589,217,7149.41000000,6.32678272,0
2017-12-29 03:00:00,0.00087860,0.00087900,0.00086900,0.00087900,2248.43000000,1514519999999,1.97177818,114,742.30000000,0.65153773,0
2017-12-29 04:00:00,0.00087890,0.00088110,0.00087170,0.00087770,3580.65000000,1514523599999,3.13846647,143,1183.64000000,1.03818126,0
2017-12-29 05:00:00,0.00087770,0.00087960,0.00086960,0.00087010,4813.28000000,1514527199999,4.20670852,180,1310.75000000,1.14671086,0
2017-12-29 06:00:00,0.00087010,0.00088000,0.00087010,0.00088000,3238.20000000,1514530799999,2.82978530,158,1975.20000000,1.72755651,0
2017-12-29 07:00:00,0.00087990,0.00089480,0.00087600,0.00088620,6801.99000000,1514534399999,6.02950104,295,3005.83000000,2.66550906,0
2017-12-29 08:00:00,0.00088940,0.00088940,0.00088000,0.00088070,3924.75000000,1514537999999,3.47019800,141,2254.03000000,1.99488961,0
2017-12-29 09:00:00,0.00088100,0.00088900,0.00088060,0.00088730,4463.59000000,1514541599999,3.94736570,177,2505.91000000,2.21879591,0
2017-12-29 10:00:00,0.00088260,0.00089430,0.00088000,0.00088050,10221.29000000,1514545199999,9.03773450,290,5442.61000000,4.81593768,0
2017-12-29 11:00:00,0.00088050,0.00088620,0.00087160,0.00087890,7719.50000000,1514548799999,6.80194899,308,2922.63000000,2.57934645,0
2017-12-29 12:00:00,0.00087830,0.00088010,0.00087010,0.00087590,13152.24000000,1514552399999,11.50376961,309,7903.36000000,6.91855123,0
2017-12-29 13:00:00,0.00087590,0.00089890,0.00087530,0.00089340,12545.37000000,1514555999999,11.13401312,434,8958.72000000,7.94903659,0
2017-12-29 14:00:00,0.00089330,0.00089620,0.00088000,0.00089420,7868.65000000,1514559599999,6.99457824,310,2780.83000000,2.47679525,0
2017-12-29 15:00:00,0.00089420,0.00091300,0.00089040,0.00091300,11093.28000000,1514563199999,10.00492926,444,7552.02000000,6.81676417,0
2017-12-29 16:00:00,0.00091160,0.00091430,0.00090000,0.00090260,9379.50000000,1514566799999,8.49220765,290,2460.28000000,2.22788481,0
2017-12-29 17:00:00,0.00090700,0.00091010,0.00089420,0.00090560,11842.03000000,1514570399999,10.67060044,324,6175.88000000,5.56126639,0
2017-12-29 18:00:00,0.00090560,0.00095000,0.00089860,0.00090920,13750.27000000,1514573999999,12.62339252,436,10364.34000000,9.56563053,0
2017-12-29 19:00:00,0.00091000,0.00097000,0.00086100,0.00095970,32773.99000000,1514577599999,30.42614388,975,14948.89000000,14.08067867,0
2017-12-29 20:00:00,0.00095820,0.00097480,0.00093160,0.00095130,35292.59000000,1514581199999,33.76434134,1077,13352.29000000,12.82312748,0
2017-12-29 21:00:00,0.00095000,0.00095090,0.00092200,0.00093370,14064.53000000,1514584799999,13.16096964,502,5171.94000000,4.84132916,0
2017-12-29 22:00:00,0.00093910,0.00096000,0.00093360,0.00095970,14482.36000000,1514588399999,13.72453245,525,7442.86000000,7.04964926,0
2017-12-29 23:00:00,0.00095870,0.00095980,0.00094150,0.00094200,10828.32000000,1514591999999,10.29719581,378,3848.44000000,3.66826590,0
2017-12-30 00:00:00,0.00094610,0.00098960,0.00091160,0.00091760,25192.70000000,1514595599999,23.97854614,910,10162.03000000,9.78257649,0
2017-12-30 01:00:00,0.00092490,0.00097000,0.00090640,0.00091300,13824.08000000,1514599199999,12.81254415,557,5203.07000000,4.84808307,0
2017-12-30 02:00:00,0.00091100,0.00092110,0.00087970,0.00089100,25057.71000000,1514602799999,22.38200544,666,9241.38000000,8.29477546,0
2017-12-30 03:00:00,0.00089250,0.00091710,0.00089100,0.00091290,8291.21000000,1514606399999,7.47669240,336,5762.40000000,5.19912196,0
2017-12-30 04:00:00,0.00091340,0.00092510,0.00090480,0.00091000,8145.86000000,1514609999999,7.46503360,271,4269.68000000,3.92329237,0
2017-12-30 05:00:00,0.00091000,0.00092100,0.00090100,0.00091500,6949.26000000,1514613599999,6.31037948,301,3811.39000000,3.46934909,0
2017-12-30 06:00:00,0.00091400,0.00093010,0.00090220,0.00091470,9236.26000000,1514617199999,8.45025085,281,4135.66000000,3.79555706,0
2017-12-30 07:00:00,0.00091470,0.00091990,0.00090110,0.00090120,8733.17000000,1514620799999,7.93118134,354,3186.63000000,2.90177161,0
2017-12-30 08:00:00,0.00090120,0.00094760,0.00090100,0.00093010,21233.44000000,1514624399999,19.71289273,521,10624.05000000,9.86652219,0
2017-12-30 09:00:00,0.00093040,0.00094000,0.00091160,0.00092000,9170.93000000,1514627999999,8.43508770,424,3034.66000000,2.79652282,0
2017-12-30 10:00:00,0.00091800,0.00092070,0.00090500,0.00091160,8655.58000000,1514631599999,7.89152301,347,2548.07000000,2.32794673,0
2017-12-30 11:00:00,0.00091070,0.00091370,0.00090000,0.00091000,8839.87000000,1514635199999,8.03928510,306,3905.07000000,3.55434863,0
2017-12-30 12:00:00,0.00091000,0.00092080,0.00089360,0.00089890,14482.42000000,1514638799999,13.16027589,438,5940.84000000,5.41491060,0
2017-12-30 13:00:00,0.00089370,0.00089990,0.00088170,0.00089000,16657.31000000,1514642399999,14.80175640,544,7610.15000000,6.77081381,0
2017-12-30 14:00:00,0.00089000,0.00091100,0.00089000,0.00090070,9187.37000000,1514645999999,8.26370337,384,4680.71000000,4.21208315,0
2017-12-30 15:00:00,0.00090110,0.00090560,0.00089020,0.00089150,8558.30000000,1514649599999,7.67470130,327,2817.81000000,2.53177125,0
2017-12-30 16:00:00,0.00089100,0.00089720,0.00089040,0.00089210,10265.05000000,1514653199999,9.16011936,305,3748.79000000,3.34939886,0
2017-12-30 17:00:00,0.00089210,0.00090950,0.00089030,0.00090190,12700.53000000,1514656799999,11.38325226,345,9830.12000000,8.81891803,0
2017-12-30 18:00:00,0.00090890,0.00091980,0.00089160,0.00089850,11166.56000000,1514660399999,10.09628593,445,4726.08000000,4.28364103,0
2017-12-30 19:00:00,0.00089860,0.00090760,0.00089560,0.00090190,11645.66000000,1514663999999,10.48566953,365,7210.71000000,6.49776042,0
2017-12-30 20:00:00,0.00090190,0.00090760,0.00090050,0.00090060,6612.84000000,1514667599999,5.97263893,281,3445.70000000,3.11349756,0
2017-12-30 21:00:00,0.00090150,0.00091180,0.00090060,0.00090630,4599.18000000,1514671199999,4.17202662,251,1682.94000000,1.52801951,0
2017-12-30 22:00:00,0.00090630,0.00091100,0.00090360,0.00090510,8771.60000000,1514674799999,7.95853650,231,3756.62000000,3.41285711,0
2017-12-30 23:00:00,0.00090570,0.00091890,0.00090360,0.00091800,4577.06000000,1514678399999,4.15901178,215,2885.67000000,2.62200992,0
2017-12-31 00:00:00,0.00091800,0.00092000,0.00090420,0.00091400,7964.17000000,1514681999999,7.26561893,256,4356.73000000,3.97566640,0
2017-12-31 01:00:00,0.00091400,0.00093500,0.00090640,0.00090850,13925.56000000,1514685599999,12.78385463,363,9464.70000000,8.70061110,0
2017-12-31 02:00:00,0.00091330,0.00092920,0.00090700,0.00091230,7181.94000000,1514689199999,6.56796986,200,4041.04000000,3.70187272,0
2017-12-31 03:00:00,0.00091230,0.00092290,0.00091220,0.00091220,15929.04000000,1514692799999,14.63641836,294,2820.44000000,2.58727863,0
2017-12-31 04:00:00,0.00091470,0.00091680,0.00090840,0.00090840,5032.71000000,1514696399999,4.59302908,188,1947.35000000,1.77903005,0
2017-12-31 05:00:00,0.00090840,0.00091080,0.00090600,0.00090940,2057.75000000,1514699999999,1.86864509,145,972.19000000,0.88392205,0
2017-12-31 06:00:00,0.00090700,0.00091160,0.00090510,0.00090510,5907.53000000,1514703599999,5.36101952,200,2627.28000000,2.38624173,0
2017-12-31 07:00:00,0.00090560,0.00091020,0.00090430,0.00090900,6805.34000000,1514707199999,6.18095829,211,4017.38000000,3.65188168,0
2017-12-31 08:00:00,0.00091140,0.00091340,0.00090430,0.00091000,8287.46000000,1514710799999,7.54280593,234,6059.78000000,5.52089022,0
2017-12-31 09:00:00,0.00090800,0.00094540,0.00090800,0.00093480,17292.72000000,1514714399999,16.04159661,549,10196.46000000,9.45819560,0
2017-12-31 10:00:00,0.00093480,0.00094010,0.00092370,0.00092580,14053.19000000,1514717999999,13.09516749,422,6676.54000000,6.22641758,0
2017-12-31 11:00:00,0.00092560,0.00092970,0.00091950,0.00091960,5874.18000000,1514721599999,5.42551731,230,2397.62000000,2.21692462,0
2017-12-31 12:00:00,0.00091970,0.00093460,0.00091100,0.00091150,15742.29000000,1514725199999,14.52311617,440,7276.04000000,6.73259413,0
2017-12-31 13:00:00,0.00091150,0.00091940,0.00090300,0.00091620,8948.98000000,1514728799999,8.16541095,312,3745.68000000,3.42694957,0
2017-12-31 14:00:00,0.00091870,0.00092100,0.00091220,0.00091890,6027.76000000,1514732399999,5.53109646,259,4068.52000000,3.73432363,0
2017-12-31 15:00:00,0.00091800,0.00092730,0.00091600,0.00091740,5050.22000000,1514735999999,4.64052464,254,2405.41000000,2.21340202,0
2017-12-31 16:00:00,0.00091750,0.00092090,0.00088030,0.00088740,16931.38000000,1514739599999,15.23439735,699,5933.96000000,5.30709979,0
2017-12-31 17:00:00,0.00088370,0.00090240,0.00087770,0.00090090,9726.95000000,1514743199999,8.66708807,389,4371.00000000,3.91253386,0
2017-12-31 18:00:00,0.00090090,0.00090280,0.00088040,0.00089920,4737.94000000,1514746799999,4.23481219,196,2260.40000000,2.01761235,0
2017-12-31 19:00:00,0.00089920,0.00089990,0.00088200,0.00089570,3089.88000000,1514750399999,2.75900478,185,1558.19000000,1.39460023,0
2017-12-31 20:00:00,0.00089510,0.00089680,0.00088170,0.00088980,5899.35000000,1514753999999,5.24883102,259,3309.59000000,2.94686951,0
2017-12-31 21:00:00,0.00089660,0.00090250,0.00088810,0.00090000,4247.48000000,1514757599999,3.80205744,164,2804.53000000,2.51519139,0
2017-12-31 22:00:00,0.00090010,0.00090200,0.00089350,0.00090100,2529.74000000,1514761199999,2.27358301,129,1171.65000000,1.05491052,0
2017-12-31 23:00:00,0.00090030,0.00090190,0.00089450,0.00090180,1635.72000000,1514764799999,1.47285215,105,1234.39000000,1.11190103,0
2018-01-01 00:00:00,0.00090200,0.00091350,0.00089650,0.00090490,4107.16000000,1514768399999,3.72096656,180,2181.23000000,1.97923323,0
