Date,Open,High,Low,Close,Volume
2017-12-18 05:00:00,0.00010000,0.00024000,0.00005500,0.00007000,7617966.09000000,1513576799999,635.47737501,6655,3424284.93000000,296.41080619,17804646.86509931
2017-12-18 06:00:00,0.00007000,0.00008650,0.00005850,0.00008100,7413200.60000000,1513580399999,525.38626715,6043,3188871.32000000,230.38424769,27074021.71370344
2017-12-18 07:00:00,0.00008070,0.00009530,0.00007600,0.00008360,8162875.74000000,1513583999999,707.56323314,6855,3816845.71000000,330.79304603,34008785.21879646
2017-12-18 08:00:00,0.00008330,0.00009900,0.00008280,0.00009510,4742127.04000000,1513587599999,421.44284810,5296,2455600.46000000,219.47746686,37528102.93497593
2017-12-18 09:00:00,0.00009510,0.00011690,0.00009510,0.00011010,7622561.61000000,1513591199999,822.88748808,8847,3709727.39000000,399.30159620,40590790.82213109
2017-12-18 10:00:00,0.00011000,0.00012460,0.00010890,0.00012350,3383703.18000000,1513594799999,404.64223797,5132,1521298.85000000,181.86945544,44267800.29154718
2017-12-18 11:00:00,0.00012350,0.00014500,0.00010700,0.00011500,7996858.13000000,1513598399999,1037.40084511,10020,3817203.15000000,499.31711800,48667953.76760757
2017-12-18 12:00:00,0.00011490,0.00012600,0.00009550,0.00009710,3127387.79000000,1513600155500,349.08617957,3749,1253745.24000000,142.47426691,49515445.88467787
2017-12-18 13:00:00,0.00009820,0.00011970,0.00009330,0.00010840,2345260.29000000,1513605599999,257.31355651,3169,1191381.92000000,131.27317785,0
2017-12-18 14:00:00,0.00010840,0.00010960,0.00009090,0.00009520,2535878.77000000,1513609199999,252.00770137,3795,986097.60000000,98.09604336,0
2017-12-18 15:00:00,0.00009520,0.00011270,0.00009110,0.00010990,2953833.45000000,1513612799999,305.98376690,4000,1514257.17000000,157.69472172,0
2017-12-18 16:00:00,0.00011000,0.00011270,0.00010350,0.00010880,1501704.17000000,1513616399999,164.01207992,2356,681211.23000000,74.51042408,0
2017-12-18 17:00:00,0.00010880,0.00011870,0.00010680,0.00011500,1612023.50000000,1513619999999,180.34892838,2447,907690.25000000,101.72433123,0
2017-12-18 18:00:00,0.00011510,0.00012340,0.00011070,0.00011150,2815385.24000000,1513623599999,335.21636977,3727,1330245.36000000,158.74031237,0
2017-12-18 19:00:00,0.00011190,0.00011630,0.00010800,0.00011260,1666426.91000000,1513627199999,186.37818053,2803,732495.40000000,82.28071486,0
2017-12-18 20:00:00,0.00011250,0.00011490,0.00010010,0.00010640,1884590.29000000,1513630799999,202.51624079,3399,788016.54000000,84.80910008,0
2017-12-18 21:00:00,0.00010640,0.00011870,0.00010610,0.00011710,1599118.37000000,1513634399999,181.48607829,3159,842170.26000000,95.39752219,0
2017-12-18 22:00:00,0.00011730,0.00012130,0.00011510,0.00012100,1178669.55000000,1513637999999,139.16883176,2294,680766.74000000,80.63220086,0
2017-12-18 23:00:00,0.00012070,0.00012160,0.00011600,0.00011930,917894.12000000,1513641599999,109.88547174,2228,363757.86000000,43.62677325,0
2017-12-19 00:00:00,0.00011930,0.00012460,0.00011790,0.00012120,1215820.27000000,1513645199999,147.88483174,2546,633995.73000000,77.25965506,0
2017-12-19 01:00:00,0.00012100,0.00012250,0.00011540,0.00011610,793078.16000000,1513648799999,94.29510555,1758,350936.30000000,41.84446009,0
2017-12-19 02:00:00,0.00011610,0.00012350,0.00011410,0.00012140,1043906.10000000,1513652399999,124.76454944,2009,521334.32000000,62.68503367,0
2017-12-19 03:00:00,0.00012140,0.00012200,0.00011810,0.00012200,580152.90000000,1513655999999,69.62154024,1519,212718.04000000,25.57046649,0
2017-12-19 04:00:00,0.00012180,0.00012970,0.00012120,0.00012970,1595691.40000000,1513659599999,200.57166141,2576,992344.70000000,125.06260369,0
2017-12-19 05:00:00,0.00012980,0.00013820,0.00012800,0.00013130,2970368.96000000,1513663199999,396.06123525,5314,1492150.70000000,199.21583586,0
2017-12-19 06:00:00,0.00013180,0.00013860,0.00012930,0.00013580,1492332.77000000,1513666799999,199.62060771,3372,781120.41000000,104.69382885,0
2017-12-19 07:00:00,0.00013580,0.00013610,0.00012630,0.00013160,1548707.47000000,1513670399999,202.02933833,2871,535073.64000000,69.80049667,0
2017-12-19 08:00:00,0.00013160,0.00013200,0.00012740,0.00013080,818978.50000000,1513673999999,106.42941825,1736,410877.26000000,53.51645645,0
2017-12-19 09:00:00,0.00013080,0.00013080,0.00012600,0.00012630,794855.75000000,1513677599999,102.29414878,1626,211523.79000000,27.34600699,0
2017-12-19 10:00:00,0.00012650,0.00012700,0.00011060,0.00011950,1853104.95000000,1513681199999,221.56598002,3176,508296.43000000,60.09901987,0
2017-12-19 11:00:00,0.00011960,0.00012570,0.00011530,0.00011810,960341.23000000,1513684799999,115.49890503,1778,472575.80000000,57.17864533,0
2017-12-19 12:00:00,0.00011810,0.00013000,0.00011600,0.00012880,747969.05000000,1513688399999,93.20453333,1566,431395.12000000,54.00142074,0
2017-12-19 13:00:00,0.00012880,0.00012900,0.00012290,0.00012360,354517.45000000,1513691999999,44.62633496,1352,177302.59000000,22.34585259,0
2017-12-19 14:00:00,0.00012360,0.00012600,0.00011940,0.00011940,703066.67000000,1513695599999,85.91168316,1579,262349.11000000,32.14525661,0
2017-12-19 15:00:00,0.00012060,0.00012500,0.00011600,0.00012190,654307.68000000,1513699199999,78.05186956,1508,313519.52000000,37.48599385,0
2017-12-19 16:00:00,0.00012190,0.00012240,0.00012000,0.00012070,313576.50000000,1513702799999,37.87561168,966,165823.25000000,20.04110769,0
2017-12-19 17:00:00,0.00012070,0.00012380,0.00012000,0.00012220,492253.28000000,1513706399999,60.15697599,1333,280292.91000000,34.27804573,0
2017-12-19 18:00:00,0.00012210,0.00012290,0.00011990,0.00012120,403242.92000000,1513709999999,48.85253845,1109,198092.08000000,24.02812254,0
2017-12-19 19:00:00,0.00012120,0.00012150,0.00011520,0.00012040,656339.20000000,1513713599999,77.97402886,1411,387259.44000000,46.02900213,0
2017-12-19 20:00:00,0.00012050,0.00012490,0.00011910,0.00012480,496799.19000000,1513717199999,60.37612375,1249,322423.85000000,39.24996988,0
2017-12-19 21:00:00,0.00012490,0.00012500,0.00011610,0.00011670,767925.44000000,1513720799999,91.98651045,1648,370252.88000000,44.43371993,0
2017-12-19 22:00:00,0.00011670,0.00012200,0.00011610,0.00012060,628613.58000000,1513724399999,75.08029604,1260,280146.10000000,33.51585836,0
2017-12-19 23:00:00,0.00012100,0.00012550,0.00012010,0.00012550,457022.92000000,1513727999999,56.06320404,1098,266055.58000000,32.74226186,0
2017-12-20 00:00:00,0.00012550,0.00012560,0.00010160,0.00011440,2018864.05000000,1513731599999,230.18362479,2468,684199.31000000,76.98021256,0
2017-12-20 01:00:00,0.00011460,0.00011900,0.00010310,0.00010640,908928.16000000,1513735199999,100.52039308,1396,341339.99000000,37.92346926,0
2017-12-20 02:00:00,0.00010620,0.00011860,0.00010600,0.00011860,804981.83000000,1513738799999,90.82679794,1305,389341.14000000,44.24816543,0
2017-12-20 03:00:00,0.00011860,0.00011980,0.00011400,0.00011550,602028.18000000,1513742399999,70.61785103,842,341066.20000000,40.13245003,0
2017-12-20 04:00:00,0.00011550,0.00011790,0.00011200,0.00011540,370193.58000000,1513745999999,42.16797662,892,185698.11000000,21.14354715,0
2017-12-20 05:00:00,0.00011690,0.00011950,0.00011110,0.00011790,425838.30000000,1513749599999,49.66315774,898,167761.20000000,19.64320206,0
2017-12-20 06:00:00,0.00011790,0.00011890,0.00011400,0.00011650,500353.59000000,1513753199999,58.38715184,824,225131.70000000,26.26742787,0
2017-12-20 07:00:00,0.00011650,0.00011800,0.00011530,0.00011780,371911.30000000,1513756799999,43.42896306,795,154971.09000000,18.15129887,0
2017-12-20 08:00:00,0.00011790,0.00012650,0.00011600,0.00012450,1049442.04000000,1513760399999,128.08679248,1334,580499.49000000,70.98063649,0
2017-12-20 09:00:00,0.00012450,0.00012630,0.00011990,0.00012180,521921.93000000,1513763999999,63.87049269,946,247555.95000000,30.35446148,0
2017-12-20 10:00:00,0.00012180,0.00012500,0.00012030,0.00012380,287109.97000000,1513767599999,35.20108697,719,168925.64000000,20.74961789,0
2017-12-20 11:00:00,0.00012440,0.00012640,0.00012000,0.00012130,480624.79000000,1513771199999,59.53941254,984,244665.28000000,30.46459729,0
2017-12-20 12:00:00,0.00012150,0.00012430,0.00011930,0.00012190,405633.25000000,1513774799999,48.91984902,905,169001.43000000,20.37779705,0
2017-12-20 13:00:00,0.00012190,0.00012200,0.00011880,0.00011950,509469.49000000,1513778399999,61.13667229,762,215706.18000000,25.90302602,0
2017-12-20 14:00:00,0.00011950,0.00012210,0.00011550,0.00011730,636094.08000000,1513781999999,75.37805179,1099,302821.25000000,36.08645366,0
2017-12-20 15:00:00,0.00011730,0.00012090,0.00011610,0.00011800,320933.80000000,1513785599999,38.06236990,885,201061.15000000,23.86742627,0
2017-12-20 16:00:00,0.00011800,0.00011910,0.00011200,0.00011500,804522.82000000,1513789199999,93.35991322,1080,264685.22000000,30.97724094,0
2017-12-20 17:00:00,0.00011500,0.00012490,0.00011500,0.00012290,980979.28000000,1513792799999,118.42523435,1367,673561.39000000,81.25542613,0
2017-12-20 18:00:00,0.00012390,0.00012790,0.00012260,0.00012650,808090.50000000,1513796399999,101.87333424,1722,508651.27000000,64.16292509,0
2017-12-20 19:00:00,0.00012700,0.00012950,0.00012400,0.00012750,499622.96000000,1513799999999,63.69366597,1277,354977.86000000,45.34308080,0
2017-12-20 20:00:00,0.00012750,0.00013030,0.00012740,0.00013030,712028.66000000,1513803599999,91.90278998,1375,421096.78000000,54.42159464,0
2017-12-20 21:00:00,0.00013050,0.00013490,0.00012300,0.00013150,1140817.48000000,1513807199999,149.17048315,2154,646862.40000000,85.10828226,0
2017-12-20 22:00:00,0.00013140,0.00013500,0.00013000,0.00013140,712743.76000000,1513810799999,94.59355323,1293,485613.74000000,64.58691496,0
2017-12-20 23:00:00,0.00013140,0.00013370,0.00012650,0.00013100,624629.20000000,1513814399999,81.07650400,1152,354923.50000000,46.07042898,0
2017-12-21 00:00:00,0.00013100,0.00013150,0.00012860,0.00013000,539431.52000000,1513817999999,70.36527369,1070,257442.23000000,33.61573340,0
2017-12-21 01:00:00,0.00012980,0.00013100,0.00012780,0.00013040,708848.50000000,1513821599999,92.14834036,1064,308185.32000000,40.16231715,0
2017-12-21 02:00:00,0.00013040,0.00013900,0.00013010,0.00013800,1382756.43000000,1513825199999,185.52911743,1459,1082885.92000000,144.86592709,0
2017-12-21 03:00:00,0.00013830,0.00014800,0.00013720,0.00014770,1417179.35000000,1513828799999,202.08549449,2013,952665.03000000,135.53267806,0
2017-12-21 04:00:00,0.00014730,0.00015780,0.00014000,0.00015600,1646302.85000000,1513832399999,247.70253664,2681,1067336.85000000,160.44561797,0
2017-12-21 05:00:00,0.00015620,0.00017760,0.00015600,0.00016450,3516151.61000000,1513835999999,589.24853071,4832,2184002.72000000,366.49565113,0
2017-12-21 06:00:00,0.00016400,0.00016900,0.00015570,0.00015990,1347672.04000000,1513839599999,218.67447034,2324,735462.03000000,119.69481055,0
2017-12-21 07:00:00,0.00015980,0.00016300,0.00014740,0.00016060,1136848.20000000,1513843199999,177.80082624,2309,567310.10000000,89.11135829,0
2017-12-21 08:00:00,0.00015900,0.00016310,0.00015900,0.00016120,690926.09000000,1513846799999,112.10047669,1260,455344.16000000,73.99965778,0
2017-12-21 09:00:00,0.00016060,0.00016150,0.00015000,0.00015920,568601.69000000,1513850399999,89.64954065,1440,266133.31000000,42.22317935,0
2017-12-21 10:00:00,0.00015920,0.00017450,0.00015610,0.00017090,810044.92000000,1513853999999,135.52934127,1934,489366.74000000,81.90976527,0
2017-12-21 11:00:00,0.00017090,0.00017590,0.00016600,0.00016980,609704.39000000,1513857599999,104.81084730,1610,344307.69000000,59.35355058,0
2017-12-21 12:00:00,0.00017030,0.00017170,0.00016150,0.00016420,600422.64000000,1513861199999,99.71969350,1484,323929.22000000,53.73214014,0
2017-12-21 13:00:00,0.00016420,0.00017680,0.00016310,0.00017100,670877.80000000,1513864799999,115.10242119,1828,388699.53000000,66.42830461,0
2017-12-21 14:00:00,0.00016930,0.00017700,0.00016620,0.00017680,620505.38000000,1513868399999,107.99610506,1528,303854.03000000,53.03762752,0
2017-12-21 15:00:00,0.00017670,0.00018230,0.00017200,0.00018100,1357945.82000000,1513871999999,241.93741573,2807,743456.35000000,132.39668890,0
2017-12-21 16:00:00,0.00018110,0.00018890,0.00017530,0.00017850,946445.32000000,1513875599999,172.00586138,2468,494006.91000000,89.92131315,0
2017-12-21 17:00:00,0.00017850,0.00018140,0.00017050,0.00017400,793530.39000000,1513879199999,139.62828357,1903,303998.36000000,53.62583898,0
2017-12-21 18:00:00,0.00017400,0.00017590,0.00016630,0.00017290,396062.36000000,1513882799999,68.13139583,1204,172655.58000000,29.70412073,0
2017-12-21 19:00:00,0.00017290,0.00017590,0.00017230,0.00017470,588376.49000000,1513886399999,102.94914780,1188,435866.67000000,76.32928844,0
2017-12-21 20:00:00,0.00017450,0.00017480,0.00017020,0.00017470,232732.42000000,1513889999999,40.28119185,982,136680.59000000,23.70933269,0
2017-12-21 21:00:00,0.00017480,0.00018660,0.00017280,0.00018530,592629.31000000,1513893599999,107.07668154,1691,347649.31000000,62.76056182,0
2017-12-21 22:00:00,0.00018530,0.00019190,0.00018010,0.00019090,711455.47000000,1513897199999,132.55929356,1502,467186.14000000,87.25903040,0
2017-12-21 23:00:00,0.00019090,0.00019240,0.00018470,0.00018610,642838.43000000,1513900799999,120.95029576,1638,328977.01000000,62.03012398,0
2017-12-22 00:00:00,0.00018610,0.00020670,0.00018520,0.00020260,1974208.28000000,1513904399999,389.63625421,2861,1417372.21000000,279.67501764,0
2017-12-22 01:00:00,0.00020220,0.00020450,0.00019060,0.00019560,829917.44000000,1513907999999,164.89576787,1956,356872.39000000,71.06449888,0
2017-12-22 02:00:00,0.00019560,0.00020270,0.00018500,0.00018510,803459.04000000,1513911599999,156.61227757,1885,310861.17000000,61.19611694,0
2017-12-22 03:00:00,0.00018660,0.00019000,0.00017400,0.00018360,866275.43000000,1513915199999,157.17022082,1957,323977.04000000,59.14267287,0
2017-12-22 04:00:00,0.00018370,0.00018800,0.00017210,0.00018220,812134.15000000,1513918799999,146.46451033,1705,422027.25000000,76.38395935,0
2017-12-22 05:00:00,0.00018220,0.00018590,0.00017790,0.00018190,339035.92000000,1513922399999,61.76031309,1035,141615.92000000,25.83789076,0
2017-12-22 06:00:00,0.00018250,0.00018250,0.00017850,0.00017900,401313.38000000,1513925999999,72.38285412,829,109774.40000000,19.85263262,0
2017-12-22 07:00:00,0.00017910,0.00017980,0.00016480,0.00017070,928613.09000000,1513929599999,158.04568834,1750,288638.52000000,49.02012574,0
2017-12-22 08:00:00,0.00017130,0.00018300,0.00016870,0.00018160,410266.14000000,1513933199999,72.18965146,1064,213141.40000000,37.69212981,0
2017-12-22 09:00:00,0.00018150,0.00019590,0.00018000,0.00018980,652565.34000000,1513936799999,123.03564257,1494,405714.34000000,76.51709049,0
2017-12-22 10:00:00,0.00018620,0.00019200,0.00018310,0.00019120,320676.94000000,1513940399999,60.08775116,979,133873.28000000,25.13287065,0
2017-12-22 11:00:00,0.00019090,0.00019300,0.00018260,0.00018480,373934.08000000,1513943999999,69.71793056,945,111032.39000000,20.84525169,0
2017-12-22 12:00:00,0.00018480,0.00018990,0.00018390,0.00018580,370624.99000000,1513947599999,69.33771212,783,220074.72000000,41.29388221,0
2017-12-22 13:00:00,0.00018580,0.00018850,0.00017330,0.00017530,695450.47000000,1513951199999,124.17647626,1214,277030.44000000,49.47805684,0
2017-12-22 14:00:00,0.00017530,0.00018200,0.00016710,0.00017040,1342690.53000000,1513954799999,232.11402140,1606,483778.28000000,83.82758473,0
2017-12-22 15:00:00,0.00017130,0.00017990,0.00016620,0.00017400,567500.52000000,1513958399999,98.34607230,1279,254248.55000000,44.28957938,0
2017-12-22 16:00:00,0.00017390,0.00018000,0.00017000,0.00017300,340647.21000000,1513961999999,59.20804603,1009,147737.63000000,25.73095110,0
2017-12-22 17:00:00,0.00017300,0.00017800,0.00017100,0.00017470,252000.27000000,1513965599999,44.29400413,981,95051.38000000,16.73588807,0
2017-12-22 18:00:00,0.00017480,0.00018470,0.00017410,0.00018250,232204.65000000,1513969199999,41.19578150,831,110207.67000000,19.62886230,0
2017-12-22 19:00:00,0.00018260,0.00018790,0.00017640,0.00018500,363629.78000000,1513972799999,66.94259123,1042,178274.27000000,32.96460962,0
2017-12-22 20:00:00,0.00018500,0.00018960,0.00018410,0.00018920,310681.34000000,1513976399999,58.07890272,861,187075.61000000,35.03534377,0
2017-12-22 21:00:00,0.00018920,0.00019370,0.00018570,0.00018800,448077.45000000,1513979999999,85.01373480,1033,268418.89000000,50.97396419,0
2017-12-22 22:00:00,0.00018900,0.00019700,0.00018820,0.00019620,317825.72000000,1513983599999,61.44760547,956,183969.12000000,35.56309060,0
2017-12-22 23:00:00,0.00019620,0.00020490,0.00019430,0.00019950,675835.05000000,1513987199999,134.82670346,1578,444658.10000000,88.98676655,0
2017-12-23 00:00:00,0.00019910,0.00023400,0.00019800,0.00022000,1158382.10000000,1513990799999,252.74298109,2465,748756.78000000,163.02159491,0
2017-12-23 01:00:00,0.00022080,0.00026300,0.00021530,0.00025800,2284871.86000000,1513994399999,554.99766989,5188,1301875.65000000,317.12623159,0
2017-12-23 02:00:00,0.00025900,0.00025990,0.00024100,0.00024410,1056945.28000000,1513997999999,263.05061424,2927,402800.34000000,100.49780084,0
2017-12-23 03:00:00,0.00024410,0.00024600,0.00022710,0.00023900,799837.22000000,1514001599999,186.43130455,2196,305288.20000000,71.33530915,0
2017-12-23 04:00:00,0.00023800,0.00025000,0.00023500,0.00024880,480311.15000000,1514005199999,116.67720193,1657,242512.76000000,59.08576877,0
2017-12-23 05:00:00,0.00024880,0.00025180,0.00023550,0.00024900,441031.77000000,1514008799999,108.07226818,1272,236842.49000000,58.22940641,0
2017-12-23 06:00:00,0.00024900,0.00027860,0.00024700,0.00027170,1077754.13000000,1514012399999,281.79524749,2502,657228.95000000,171.96593712,0
2017-12-23 07:00:00,0.00027200,0.00029650,0.00026300,0.00027000,1735881.21000000,1514015999999,490.01983197,4702,772663.14000000,218.94491877,0
2017-12-23 08:00:00,0.00027000,0.00028540,0.00026540,0.00027730,875408.71000000,1514019599999,244.37127787,2717,422600.41000000,118.29017829,0
2017-12-23 09:00:00,0.00027730,0.00028390,0.00026750,0.00028260,462505.84000000,1514023199999,127.77183822,2031,206573.64000000,57.11111538,0
2017-12-23 10:00:00,0.00028250,0.00029890,0.00027990,0.00029260,785485.51000000,1514026799999,227.74962956,2847,432179.16000000,125.72003545,0
2017-12-23 11:00:00,0.00029410,0.00029410,0.00028200,0.00028880,647126.90000000,1514030399999,187.33324548,2311,334551.22000000,96.91998015,0
2017-12-23 12:00:00,0.00028880,0.00028960,0.00026500,0.00027970,762783.54000000,1514033999999,212.54395346,2881,256662.05000000,71.54695232,0
2017-12-23 13:00:00,0.00027980,0.00028230,0.00027100,0.00028080,457153.22000000,1514037599999,126.83628072,1951,226330.10000000,62.92812825,0
2017-12-23 14:00:00,0.00028000,0.00028760,0.00027560,0.00027770,529508.30000000,1514041199999,148.37893469,2021,245132.61000000,68.91607947,0
2017-12-23 15:00:00,0.00027770,0.00028000,0.00027600,0.00027800,405133.09000000,1514044799999,112.64385242,1634,215169.36000000,59.89139818,0
2017-12-23 16:00:00,0.00027810,0.00027810,0.00026120,0.00026180,701185.64000000,1514048399999,190.46595232,2238,187276.56000000,51.02225214,0
2017-12-23 17:00:00,0.00026180,0.00028040,0.00026150,0.00027130,514167.77000000,1514051999999,140.06593418,2247,320461.30000000,87.21829593,0
2017-12-23 18:00:00,0.00027120,0.00027900,0.00026790,0.00027150,296992.10000000,1514055599999,80.86049415,1566,173483.80000000,47.29767186,0
2017-12-23 19:00:00,0.00027360,0.00028030,0.00026740,0.00027500,370278.39000000,1514059199999,102.29226365,1864,153176.81000000,42.46619520,0
2017-12-23 20:00:00,0.00027500,0.00027590,0.00026580,0.00027260,395458.45000000,1514062799999,107.17375852,2305,175660.56000000,47.67129624,0
2017-12-23 21:00:00,0.00027290,0.00027290,0.00026200,0.00026500,451199.14000000,1514066399999,120.04923635,2085,133892.21000000,35.77768114,0
2017-12-23 22:00:00,0.00026500,0.00027580,0.00026190,0.00027560,482664.61000000,1514069999999,129.14742647,2391,250835.34000000,67.21156620,0
2017-12-23 23:00:00,0.00027580,0.00029450,0.00027500,0.00028070,713409.45000000,1514073599999,203.49308667,2985,448763.29000000,128.20449223,0
2017-12-24 00:00:00,0.00028020,0.00029290,0.00027900,0.00028830,477452.14000000,1514077199999,137.19714948,1983,235744.56000000,67.75431788,0
2017-12-24 01:00:00,0.00028820,0.00029830,0.00028810,0.00029400,471126.11000000,1514080799999,138.31147157,1974,253310.37000000,74.42068868,0
2017-12-24 02:00:00,0.00029390,0.00029420,0.00026600,0.00026980,630068.02000000,1514084399999,176.22795651,2330,178564.31000000,50.22195115,0
2017-12-24 03:00:00,0.00026990,0.00029180,0.00026640,0.00028820,339417.97000000,1514087999999,95.75467948,1566,195067.77000000,55.16990734,0
2017-12-24 04:00:00,0.00028820,0.00028820,0.00027300,0.00027800,235500.96000000,1514091599999,66.16586335,1149,86168.35000000,24.19447396,0
2017-12-24 05:00:00,0.00027800,0.00028890,0.00027100,0.00027750,407948.91000000,1514095199999,114.07998457,1652,182385.25000000,51.52267306,0
2017-12-24 06:00:00,0.00027980,0.00027990,0.00026730,0.00027030,300441.46000000,1514098799999,82.16666019,1451,144079.71000000,39.56896632,0
2017-12-24 07:00:00,0.00027060,0.00027210,0.00026610,0.00026750,311524.60000000,1514102399999,83.65013917,1273,152364.28000000,40.91441213,0
2017-12-24 08:00:00,0.00026970,0.00027420,0.00026300,0.00027200,326277.05000000,1514105999999,87.07451040,1169,164896.24000000,44.10637372,0
2017-12-24 09:00:00,0.00027200,0.00027370,0.00026300,0.00026460,272323.11000000,1514109599999,72.61318690,1231,131576.62000000,35.14551147,0
2017-12-24 10:00:00,0.00026400,0.00027300,0.00024750,0.00027140,816399.79000000,1514113199999,209.99585629,2710,306704.34000000,78.97786132,0
2017-12-24 11:00:00,0.00027140,0.00027140,0.00026230,0.00026320,275981.72000000,1514116799999,73.16957049,1108,134391.15000000,35.66394832,0
2017-12-24 12:00:00,0.00026320,0.00026800,0.00025160,0.00025740,458884.52000000,1514120399999,118.17160625,1286,132537.65000000,34.26865472,0
2017-12-24 13:00:00,0.00025700,0.00027830,0.00025700,0.00027300,293999.50000000,1514123999999,78.19225157,1319,157154.16000000,41.92441058,0
2017-12-24 14:00:00,0.00027300,0.00028300,0.00026900,0.00028270,291076.30000000,1514127599999,80.77657200,1148,175102.94000000,48.63175657,0
2017-12-24 15:00:00,0.00028210,0.00028280,0.00026650,0.00026860,245373.58000000,1514131199999,67.30212245,1088,105137.43000000,28.86398735,0
2017-12-24 16:00:00,0.00026880,0.00028020,0.00026250,0.00027800,222032.08000000,1514134799999,60.12227029,1295,128084.87000000,34.80417019,0
2017-12-24 17:00:00,0.00027780,0.00028450,0.00027440,0.00028000,220097.62000000,1514138399999,61.85674530,919,129558.80000000,36.45732721,0
2017-12-24 18:00:00,0.00028040,0.00028670,0.00027600,0.00027830,270436.16000000,1514141999999,76.22314162,1034,102203.40000000,28.81166349,0
2017-12-24 19:00:00,0.00027820,0.00028700,0.00027800,0.00028360,189196.72000000,1514145599999,53.24543694,888,77692.17000000,21.88903639,0
2017-12-24 20:00:00,0.00028360,0.00029300,0.00028080,0.00028950,258729.01000000,1514149199999,74.74683911,1130,138522.88000000,40.04324280,0
2017-12-24 21:00:00,0.00028950,0.00029380,0.00028800,0.00028920,239116.88000000,1514152799999,69.74721366,1161,103150.85000000,30.11298950,0
2017-12-24 22:00:00,0.00028850,0.00029630,0.00028750,0.00029250,277719.32000000,1514156399999,81.14364188,1241,182172.86000000,53.30065345,0
2017-12-24 23:00:00,0.00029270,0.00031500,0.00029200,0.00031320,911823.07000000,1514159999999,276.15452839,2500,666865.04000000,201.74500321,0
2017-12-25 00:00:00,0.00031320,0.00033890,0.00031150,0.00032900,1070451.98000000,1514163599999,351.41721354,3992,576160.47000000,188.68480391,0
2017-12-25 01:00:00,0.00032920,0.00033900,0.00032020,0.00033840,487260.13000000,1514167199999,159.48948546,1899,252753.01000000,82.91437371,0
2017-12-25 02:00:00,0.00033840,0.00035990,0.00032900,0.00035270,801637.58000000,1514170799999,278.11657785,2857,485978.46000000,168.83037690,0
2017-12-25 03:00:00,0.00035150,0.00037900,0.00035050,0.00037800,915091.74000000,1514174399999,333.94716256,3368,492204.49000000,179.86147435,0
2017-12-25 04:00:00,0.00037800,0.00038990,0.00034600,0.00035430,1240314.62000000,1514177999999,459.95696672,4550,623338.58000000,232.61768680,0
2017-12-25 05:00:00,0.00035430,0.00037490,0.00035420,0.00036850,574975.33000000,1514181599999,209.48028585,2387,289673.98000000,105.58331912,0
2017-12-25 06:00:00,0.00036850,0.00037000,0.00034560,0.00036720,438088.63000000,1514185199999,157.27131554,2055,138762.33000000,50.02568101,0
2017-12-25 07:00:00,0.00036710,0.00036830,0.00033980,0.00034250,508729.09000000,1514188799999,178.16953965,2200,146391.34000000,51.56039198,0
2017-12-25 08:00:00,0.00034370,0.00036890,0.00034050,0.00035920,376257.09000000,1514192399999,134.00106919,2093,207388.40000000,73.98918965,0
2017-12-25 09:00:00,0.00035920,0.00036980,0.00035730,0.00036520,311498.00000000,1514195999999,113.41289733,1637,180923.35000000,65.98849519,0
2017-12-25 10:00:00,0.00036630,0.00036790,0.00036050,0.00036710,247432.50000000,1514199599999,90.30762989,1334,139743.64000000,51.09675283,0
2017-12-25 11:00:00,0.00036790,0.00039770,0.00036630,0.00038780,932029.64000000,1514203199999,357.50398278,3604,569776.52000000,218.46601353,0
2017-12-25 12:00:00,0.00038760,0.00039850,0.00037300,0.00039000,661754.50000000,1514206799999,257.30856904,3268,272838.24000000,106.51844846,0
2017-12-25 13:00:00,0.00038860,0.00039330,0.00037710,0.00039050,451346.88000000,1514210399999,174.60837560,2113,245799.83000000,95.28502847,0
2017-12-25 14:00:00,0.00039060,0.00041950,0.00038870,0.00040880,979544.89000000,1514213999999,397.73037016,4490,535780.81000000,217.71879154,0
2017-12-25 15:00:00,0.00040880,0.00042990,0.00040880,0.00042990,807506.80000000,1514217599999,337.30203196,3674,508564.03000000,212.69317395,0
2017-12-25 16:00:00,0.00042990,0.00046790,0.00042390,0.00046020,1948461.48000000,1514221199999,871.44960779,7972,1251004.05000000,560.13619831,0
2017-12-25 17:00:00,0.00046020,0.00052220,0.00043220,0.00050900,2292558.94000000,1514224799999,1118.45900631,11466,1211930.74000000,591.51407345,0
2017-12-25 18:00:00,0.00051000,0.00051000,0.00042240,0.00046150,1878837.37000000,1514228399999,908.30006755,9557,806063.44000000,391.51687927,0
2017-12-25 19:00:00,0.00046150,0.00048940,0.00041900,0.00046140,1612696.17000000,1514231999999,731.69708246,8365,734572.98000000,335.15110897,0
2017-12-25 20:00:00,0.00046020,0.00049600,0.00045010,0.00047880,779201.83000000,1514235599999,370.97808519,5207,419585.96000000,199.85186384,0
2017-12-25 21:00:00,0.00047980,0.00049770,0.00044750,0.00049300,625299.69000000,1514239199999,299.44371647,5103,276917.03000000,133.31379516,0
2017-12-25 22:00:00,0.00049300,0.00049770,0.00047500,0.00047900,647332.45000000,1514242799999,315.27208289,4452,288927.47000000,141.00437080,0
2017-12-25 23:00:00,0.00047900,0.00051240,0.00047540,0.00050280,964170.35000000,1514246399999,477.43465254,4906,575735.97000000,286.10075522,0
2017-12-26 00:00:00,0.00050030,0.00053050,0.00049530,0.00051200,1092341.44000000,1514249999999,562.06564036,6632,558989.01000000,287.81050534,0
2017-12-26 01:00:00,0.00051200,0.00051440,0.00049140,0.00049800,663626.84000000,1514253599999,334.83535118,4439,286795.46000000,145.00573902,0
2017-12-26 02:00:00,0.00049790,0.00050000,0.00045200,0.00046000,892060.95000000,1514257199999,420.68957825,5099,384099.53000000,181.37708728,0
2017-12-26 03:00:00,0.00046100,0.00046590,0.00040150,0.00041300,1400928.68000000,1514260799999,607.95019106,6657,586128.19000000,255.14049689,0
2017-12-26 04:00:00,0.00041300,0.00044900,0.00037030,0.00042450,2170374.10000000,1514264399999,877.92150106,7896,1021163.07000000,415.67641918,0
2017-12-26 05:00:00,0.00042700,0.00043550,0.00034500,0.00039000,2456775.61000000,1514267999999,934.52425192,7440,1057371.07000000,402.95601358,0
2017-12-26 06:00:00,0.00039000,0.00040200,0.00037110,0.00037290,887231.66000000,1514271599999,341.53575700,3554,391337.95000000,151.17902971,0
2017-12-26 07:00:00,0.00037290,0.00042000,0.00037220,0.00039820,984707.47000000,1514275199999,392.30517801,3705,562548.96000000,224.24489764,0
2017-12-26 08:00:00,0.00039820,0.00042600,0.00039120,0.00042360,699823.56000000,1514278799999,284.63231636,3044,377265.45000000,153.90948391,0
2017-12-26 09:00:00,0.00042150,0.00044480,0.00041090,0.00041790,866568.98000000,1514282399999,373.70795531,3975,433024.19000000,187.64295525,0
2017-12-26 10:00:00,0.00041730,0.00043280,0.00040250,0.00042990,562446.49000000,1514285999999,236.19583347,3045,243215.16000000,102.66257046,0
2017-12-26 11:00:00,0.00042990,0.00044900,0.00041700,0.00043620,468624.86000000,1514289599999,204.03294848,2857,258388.15000000,112.85481677,0
2017-12-26 12:00:00,0.00043620,0.00044150,0.00039800,0.00040600,582905.12000000,1514293199999,246.49896049,3180,244952.51000000,103.54318089,0
2017-12-26 13:00:00,0.00040610,0.00041700,0.00035690,0.00037470,1476052.98000000,1514296799999,561.93940039,5822,653232.15000000,248.79405504,0
2017-12-26 14:00:00,0.00037470,0.00037470,0.00031000,0.00031180,2537343.41000000,1514300399999,846.34359098,8010,1139312.42000000,380.06610320,0
2017-12-26 15:00:00,0.00031180,0.00036900,0.00030670,0.00035200,1451019.48000000,1514303999999,493.79867684,5661,788687.85000000,269.36169507,0
2017-12-26 16:00:00,0.00034970,0.00035410,0.00031510,0.00033740,1239556.78000000,1514307599999,413.33530569,4943,603456.54000000,201.49305259,0
2017-12-26 17:00:00,0.00033740,0.00036780,0.00033300,0.00036510,1085961.28000000,1514311199999,380.46728380,3985,568410.42000000,199.88618300,0
2017-12-26 18:00:00,0.00036560,0.00039790,0.00035510,0.00038860,1134085.59000000,1514314799999,431.08037704,4888,564629.08000000,215.22559037,0
2017-12-26 19:00:00,0.00038860,0.00039090,0.00035400,0.00036780,721749.30000000,1514318399999,266.71152795,3615,321500.98000000,119.13708195,0
2017-12-26 20:00:00,0.00036780,0.00037000,0.00034230,0.00036000,796656.40000000,1514321999999,282.38371498,3482,335980.88000000,119.22159645,0
2017-12-26 21:00:00,0.00036010,0.00036840,0.00035200,0.00035590,448256.09000000,1514325599999,161.05598714,2400,205595.26000000,73.95996779,0
2017-12-26 22:00:00,0.00035590,0.00040000,0.00035500,0.00037640,639508.73000000,1514329199999,239.94558444,3270,363029.12000000,136.43039290,0
2017-12-26 23:00:00,0.00037690,0.00042310,0.00037270,0.00039690,1226410.36000000,1514332799999,492.38415025,5176,597669.51000000,240.21930510,0
2017-12-27 00:00:00,0.00039690,0.00039740,0.00037300,0.00037970,484242.28000000,1514336399999,188.01911228,2837,202639.41000000,78.87056660,0
2017-12-27 01:00:00,0.00037970,0.00038880,0.00035800,0.00036650,593980.67000000,1514339999999,218.86987263,3047,291905.62000000,107.67602906,0
2017-12-27 02:00:00,0.00036650,0.00037800,0.00036290,0.00037090,322951.07000000,1514343599999,119.67034506,1972,168238.00000000,62.43626908,0
2017-12-27 03:00:00,0.00037090,0.00037490,0.00036000,0.00036220,313309.67000000,1514347199999,115.32969902,1849,114533.37000000,42.27469619,0
2017-12-27 04:00:00,0.00036220,0.00036250,0.00032570,0.00034460,1067005.59000000,1514350799999,362.90003696,4250,423791.92000000,143.79652436,0
2017-12-27 05:00:00,0.00034360,0.00035710,0.00031630,0.00031980,1065726.38000000,1514354399999,358.24457591,3610,449731.19000000,152.47016011,0
2017-12-27 06:00:00,0.00031980,0.00033680,0.00030150,0.00032350,1920956.22000000,1514357999999,601.86396334,6251,902336.99000000,283.98550873,0
2017-12-27 07:00:00,0.00032510,0.00034150,0.00031110,0.00033640,1141526.72000000,1514361599999,372.82749664,4707,591078.97000000,193.91776002,0
2017-12-27 08:00:00,0.00033630,0.00033710,0.00031110,0.00031780,774933.17000000,1514365199999,249.78351237,3471,343117.14000000,110.21350638,0
2017-12-27 09:00:00,0.00031710,0.00032840,0.00031290,0.00032190,538373.68000000,1514368799999,172.48333740,2850,280870.33000000,90.05649504,0
2017-12-27 10:00:00,0.00032200,0.00034950,0.00031500,0.00034020,693624.69000000,1514372399999,229.75218018,3523,434999.96000000,144.37524511,0
2017-12-27 11:00:00,0.00034040,0.00034770,0.00033010,0.00033850,522550.84000000,1514375999999,176.58574304,3034,231139.87000000,78.13153142,0
2017-12-27 12:00:00,0.00033900,0.00034580,0.00032460,0.00033000,565245.96000000,1514379599999,187.43709905,2991,273533.22000000,90.63087102,0
2017-12-27 13:00:00,0.00032960,0.00035850,0.00032950,0.00034700,751378.36000000,1514383199999,258.57308475,3325,435443.21000000,150.06980832,0
2017-12-27 14:00:00,0.00034840,0.00037000,0.00033300,0.00034300,1404866.86000000,1514386799999,492.17401383,4793,557492.28000000,196.78442576,0
2017-12-27 15:00:00,0.00034490,0.00035470,0.00033600,0.00034410,616616.09000000,1514390399999,212.96332616,3030,308353.50000000,106.51793802,0
2017-12-27 16:00:00,0.00034520,0.00035170,0.00032690,0.00033220,792155.87000000,1514393999999,270.66978513,3504,360759.78000000,123.40335516,0
2017-12-27 17:00:00,0.00033300,0.00034490,0.00033120,0.00034000,632913.62000000,1514397599999,213.27421412,2806,354267.02000000,119.41409389,0
2017-12-27 18:00:00,0.00034000,0.00034390,0.00033600,0.00033620,443240.58000000,1514401199999,150.34892073,2224,194322.93000000,65.96887960,0
2017-12-27 19:00:00,0.00033580,0.00034000,0.00032000,0.00033010,579392.95000000,1514404799999,192.03249827,2985,257336.04000000,85.55821382,0
2017-12-27 20:00:00,0.00032960,0.00033640,0.00032160,0.00033600,547360.22000000,1514408399999,179.86399070,2784,330563.23000000,108.81558979,0
2017-12-27 21:00:00,0.00033600,0.00034990,0.00033450,0.00034320,478370.93000000,1514411999999,163.64714568,3044,254355.49000000,87.17469058,0
2017-12-27 22:00:00,0.00034320,0.00034960,0.00033070,0.00033970,383306.31000000,1514415599999,129.99445423,2089,180404.94000000,61.36357550,0
2017-12-27 23:00:00,0.00034000,0.00034690,0.00032860,0.00033000,331182.38000000,1514419199999,111.25064406,1944,145695.43000000,49.10664249,0
2017-12-28 00:00:00,0.00033000,0.00033790,0.00032250,0.00033250,369168.98000000,1514422799999,121.59795050,2083,181877.81000000,60.11952643,0
2017-12-28 01:00:00,0.00033250,0.00033850,0.00033180,0.00033670,261917.20000000,1514426399999,87.98190281,1519,112294.81000000,37.75510963,0
2017-12-28 02:00:00,0.00033670,0.00033800,0.00030750,0.00031530,888664.31000000,1514429999999,284.68304334,3698,331633.34000000,106.90477941,0
2017-12-28 03:00:00,0.00031490,0.00032880,0.00030800,0.00032250,924293.60000000,1514433599999,295.18399220,3384,474816.82000000,151.89786847,0
2017-12-28 04:00:00,0.00032250,0.00033500,0.00031820,0.00033000,445866.18000000,1514437199999,146.60832015,2032,270033.78000000,88.87033370,0
2017-12-28 05:00:00,0.00032880,0.00033080,0.00031890,0.00032000,349681.46000000,1514440799999,113.65591573,1550,103193.18000000,33.62861951,0
2017-12-28 06:00:00,0.00031980,0.00033000,0.00031800,0.00032630,273076.84000000,1514444399999,88.81192867,1326,177067.26000000,57.50476875,0
2017-12-28 07:00:00,0.00032630,0.00033900,0.00032630,0.00033500,328611.31000000,1514447999999,109.60389845,1395,207272.75000000,69.17148078,0
2017-12-28 08:00:00,0.00033510,0.00036720,0.00033500,0.00035980,1614074.86000000,1514451599999,573.77275327,5313,1064137.56000000,377.83617118,0
2017-12-28 09:00:00,0.00035980,0.00039950,0.00035400,0.00039480,1526754.42000000,1514455199999,582.60966393,6295,870025.86000000,331.94692333,0
2017-12-28 10:00:00,0.00039480,0.00043500,0.00037390,0.00038500,2419677.04000000,1514458799999,980.76674614,9589,1154292.63000000,471.01671475,0
2017-12-28 11:00:00,0.00038500,0.00039380,0.00036480,0.00038100,680274.52000000,1514462399999,258.81894349,3776,330860.83000000,126.22086233,0
2017-12-28 12:00:00,0.00038100,0.00039390,0.00037550,0.00039220,527763.50000000,1514465999999,204.57134455,2721,312282.44000000,121.18300163,0
2017-12-28 13:00:00,0.00039300,0.00039400,0.00038310,0.00038800,329076.34000000,1514469599999,128.06597896,2065,133890.69000000,52.16007817,0
2017-12-28 14:00:00,0.00038800,0.00038810,0.00036030,0.00036490,594185.07000000,1514473199999,222.75382303,3149,264213.74000000,98.79317854,0
2017-12-28 15:00:00,0.00036490,0.00037810,0.00036030,0.00036660,384777.51000000,1514476799999,141.86797830,2785,198943.12000000,73.53493857,0
2017-12-28 16:00:00,0.00036660,0.00038450,0.00036530,0.00038200,354661.99000000,1514480399999,132.89281406,2159,216609.20000000,81.13016405,0
2017-12-28 17:00:00,0.00038200,0.00038320,0.00037010,0.00037400,404089.25000000,1514483999999,152.22264799,2245,197406.13000000,74.38720641,0
2017-12-28 18:00:00,0.00037260,0.00041900,0.00037120,0.00040430,1127518.23000000,1514487599999,446.30152702,4230,711518.95000000,281.60053765,0
2017-12-28 19:00:00,0.00040420,0.00040730,0.00039000,0.00040180,396859.35000000,1514491199999,157.48831306,2571,166940.59000000,66.19655597,0
2017-12-28 20:00:00,0.00040130,0.00041950,0.00039850,0.00041920,816038.12000000,1514494799999,334.87715045,5230,374695.79000000,154.27902734,0
2017-12-28 21:00:00,0.00041950,0.00042600,0.00040100,0.00041200,908263.79000000,1514498399999,376.98199498,5598,401520.47000000,166.61994595,0
2017-12-28 22:00:00,0.00041190,0.00042850,0.00040750,0.00042790,492565.19000000,1514501999999,206.42073319,3128,243322.81000000,102.18223259,0
2017-12-28 23:00:00,0.00042790,0.00042800,0.00039550,0.00040130,635169.75000000,1514505599999,263.42459540,3910,233844.40000000,97.70017511,0
2017-12-29 00:00:00,0.00040130,0.00040910,0.00039500,0.00040000,392652.32000000,1514509199999,157.28495487,2481,179853.58000000,72.12871591,0
2017-12-29 01:00:00,0.00040000,0.00041280,0.00039920,0.00041090,268128.00000000,1514512799999,109.30094383,1973,133846.96000000,54.53816347,0
2017-12-29 02:00:00,0.00041090,0.00041090,0.00038000,0.00038920,627395.94000000,1514516399999,245.44135135,3669,235963.42000000,92.30277590,0
2017-12-29 03:00:00,0.00038920,0.00040620,0.00038450,0.00038450,357371.15000000,1514519999999,141.49146598,2196,163320.53000000,64.73058116,0
2017-12-29 04:00:00,0.00038720,0.00039200,0.00037800,0.00039000,280104.94000000,1514523599999,108.11880263,2133,142236.85000000,54.98724710,0
2017-12-29 05:00:00,0.00039000,0.00040100,0.00038020,0.00040100,381725.75000000,1514527199999,148.66353954,2104,253568.88000000,98.98819805,0
2017-12-29 06:00:00,0.00040160,0.00041240,0.00037970,0.00038230,688425.84000000,1514530799999,270.23601912,3966,327650.24000000,128.64364274,0
2017-12-29 07:00:00,0.00038230,0.00039050,0.00038120,0.00038930,376158.28000000,1514534399999,145.72116739,1761,139909.93000000,54.25984160,0
2017-12-29 08:00:00,0.00038930,0.00038970,0.00037580,0.00037900,318864.64000000,1514537999999,122.20451940,2117,98686.32000000,37.91369639,0
2017-12-29 09:00:00,0.00037900,0.00038690,0.00037430,0.00037430,297448.59000000,1514541599999,113.03212238,1798,111673.15000000,42.48174444,0
2017-12-29 10:00:00,0.00037500,0.00038000,0.00037100,0.00037150,283102.89000000,1514545199999,105.91603523,1787,109894.74000000,41.16179918,0
2017-12-29 11:00:00,0.00037170,0.00037740,0.00036860,0.00036990,351697.61000000,1514548799999,130.74616377,2037,147387.65000000,54.85362334,0
2017-12-29 12:00:00,0.00036990,0.00037220,0.00036300,0.00036530,410798.84000000,1514552399999,151.18499356,2128,175482.46000000,64.66456602,0
2017-12-29 13:00:00,0.00036540,0.00039000,0.00036530,0.00037510,389017.86000000,1514555999999,146.91692544,2517,222880.98000000,84.10651027,0
2017-12-29 14:00:00,0.00037510,0.00038600,0.00037000,0.00037850,454416.21000000,1514559599999,171.81468868,2224,198829.21000000,75.19406236,0
2017-12-29 15:00:00,0.00037850,0.00038900,0.00037840,0.00038630,298545.53000000,1514563199999,114.19290504,1743,181480.45000000,69.45272447,0
2017-12-29 16:00:00,0.00038720,0.00039500,0.00038520,0.00038930,334767.57000000,1514566799999,130.81830378,1883,172531.55000000,67.40765007,0
2017-12-29 17:00:00,0.00038930,0.00039490,0.00037840,0.00038030,277332.38000000,1514570399999,107.02442986,2383,113392.14000000,43.90944992,0
2017-12-29 18:00:00,0.00038140,0.00038720,0.00037580,0.00038200,253233.98000000,1514573999999,96.27324495,2090,123668.63000000,47.08885072,0
2017-12-29 19:00:00,0.00038260,0.00038270,0.00037700,0.00037920,202850.16000000,1514577599999,76.91702326,1653,82319.29000000,31.23620335,0
2017-12-29 20:00:00,0.00037920,0.00038160,0.00037640,0.00037850,190012.75000000,1514581199999,71.98681551,1525,86297.56000000,32.73107621,0
2017-12-29 21:00:00,0.00037840,0.00038720,0.00037700,0.00037900,239686.26000000,1514584799999,91.52775283,1820,123487.36000000,47.16012347,0
2017-12-29 22:00:00,0.00037900,0.00038130,0.00037520,0.00037730,232469.89000000,1514588399999,87.78948763,1578,112275.77000000,42.44710219,0
2017-12-29 23:00:00,0.00037790,0.00038300,0.00037530,0.00038110,205322.35000000,1514591999999,77.65820401,1632,121055.11000000,45.81492744,0
2017-12-30 00:00:00,0.00038110,0.00038630,0.00037020,0.00037810,240602.60000000,1514595599999,91.15741569,1727,72966.35000000,27.71834844,0
2017-12-30 01:00:00,0.00037810,0.00037850,0.00036120,0.00036340,412993.94000000,1514599199999,152.11824255,2865,167508.24000000,61.64988347,0
2017-12-30 02:00:00,0.00036340,0.00038180,0.00036300,0.00037160,407816.00000000,1514602799999,151.64043371,2894,201367.59000000,74.98276519,0
2017-12-30 03:00:00,0.00037160,0.00038430,0.00037160,0.00038000,213362.83000000,1514606399999,80.60414866,1515,124795.26000000,47.22847078,0
2017-12-30 04:00:00,0.00038000,0.00038600,0.00037440,0.00037950,211998.69000000,1514609999999,81.02946870,1323,125089.58000000,47.86193338,0
2017-12-30 05:00:00,0.00038030,0.00038850,0.00037950,0.00038500,155353.60000000,1514613599999,59.72925096,1004,80297.33000000,30.91750233,0
2017-12-30 06:00:00,0.00038500,0.00039600,0.00038310,0.00039500,251253.94000000,1514617199999,97.60641940,1220,183112.96000000,71.20250158,0
2017-12-30 07:00:00,0.00039420,0.00040720,0.00039200,0.00039900,581749.10000000,1514620799999,233.33434327,2481,284062.25000000,113.93451382,0
2017-12-30 08:00:00,0.00039910,0.00039960,0.00037790,0.00037990,336347.50000000,1514624399999,129.76957055,1791,133146.78000000,51.38660528,0
2017-12-30 09:00:00,0.00037990,0.00039660,0.00037900,0.00038610,315320.25000000,1514627999999,121.91226812,1849,158635.33000000,61.45001962,0
2017-12-30 10:00:00,0.00038610,0.00039200,0.00038430,0.00039150,147622.16000000,1514631599999,57.46590249,1183,77119.46000000,30.03580676,0
2017-12-30 11:00:00,0.00039150,0.00039950,0.00039010,0.00039950,217231.61000000,1514635199999,86.20194979,1403,129081.62000000,51.26762118,0
2017-12-30 12:00:00,0.00039960,0.00040900,0.00039010,0.00040200,347308.04000000,1514638799999,139.15196752,2039,207481.50000000,83.19546328,0
2017-12-30 13:00:00,0.00040190,0.00040440,0.00038700,0.00039620,225359.97000000,1514642399999,89.17381361,1446,106709.11000000,42.17307142,0
2017-12-30 14:00:00,0.00039650,0.00039800,0.00039000,0.00039440,320937.67000000,1514645999999,126.76640903,1333,165189.77000000,65.28110862,0
2017-12-30 15:00:00,0.00039410,0.00039650,0.00038450,0.00038450,214938.99000000,1514649599999,83.96928592,1517,100459.26000000,39.36259764,0
2017-12-30 16:00:00,0.00038730,0.00039600,0.00038440,0.00039180,190094.72000000,1514653199999,74.04172005,1380,102879.35000000,40.08092827,0
2017-12-30 17:00:00,0.00039180,0.00039600,0.00038700,0.00038970,195039.78000000,1514656799999,76.43806889,1390,112291.14000000,44.03881894,0
2017-12-30 18:00:00,0.00039120,0.00039620,0.00038960,0.00039620,209002.38000000,1514660399999,81.95845000,1203,101035.33000000,39.71771398,0
2017-12-30 19:00:00,0.00039630,0.00040550,0.00039450,0.00040000,314662.00000000,1514663999999,125.73888690,1628,197404.06000000,78.94443305,0
2017-12-30 20:00:00,0.00040000,0.00040500,0.00039100,0.00039850,202562.16000000,1514667599999,80.39264403,1574,88606.90000000,35.20843728,0
2017-12-30 21:00:00,0.00039670,0.00041050,0.00039660,0.00041010,263261.59000000,1514671199999,106.46556399,1456,151634.53000000,61.40567461,0
2017-12-30 22:00:00,0.00041010,0.00041600,0.00040570,0.00040830,342424.34000000,1514674799999,140.82889168,1671,183100.37000000,75.43006424,0
2017-12-30 23:00:00,0.00040830,0.00041490,0.00039650,0.00040850,268066.58000000,1514678399999,108.52294823,1481,132939.22000000,53.98843720,0
2017-12-31 00:00:00,0.00040870,0.00041590,0.00040240,0.00040670,266314.08000000,1514681999999,109.49353129,1315,95307.30000000,39.28210891,0
2017-12-31 01:00:00,0.00040680,0.00040870,0.00040010,0.00040180,208828.18000000,1514685599999,84.40240121,1060,97681.18000000,39.59694580,0
2017-12-31 02:00:00,0.00040100,0.00040670,0.00039750,0.00039900,197295.23000000,1514689199999,79.42997978,1111,65465.10000000,26.45414187,0
2017-12-31 03:00:00,0.00039900,0.00040350,0.00039430,0.00039800,240366.67000000,1514692799999,95.91990168,1314,88970.97000000,35.51861366,0
2017-12-31 04:00:00,0.00039810,0.00040440,0.00039650,0.00039930,136952.08000000,1514696399999,54.74939771,882,79050.70000000,31.64241497,0
2017-12-31 05:00:00,0.00039990,0.00040150,0.00039660,0.00039700,149770.88000000,1514699999999,59.66210182,915,65602.35000000,26.16406153,0
2017-12-31 06:00:00,0.00039700,0.00040130,0.00039200,0.00039760,191129.10000000,1514703599999,75.80753915,1153,91686.16000000,36.40414013,0
2017-12-31 07:00:00,0.00039550,0.00040150,0.00039190,0.00040140,126455.66000000,1514707199999,50.19076094,726,65077.17000000,25.90343297,0
2017-12-31 08:00:00,0.00040150,0.00040470,0.00039730,0.00040310,118400.02000000,1514710799999,47.62022664,880,59420.36000000,23.94567895,0
2017-12-31 09:00:00,0.00040050,0.00040390,0.00039800,0.00039800,145774.64000000,1514714399999,58.45745850,809,64507.61000000,25.89521474,0
2017-12-31 10:00:00,0.00039790,0.00040470,0.00039190,0.00039770,147201.15000000,1514717999999,58.78640655,911,65436.91000000,26.21635704,0
2017-12-31 11:00:00,0.00039770,0.00040650,0.00039600,0.00040070,239963.16000000,1514721599999,96.18473431,1057,112082.65000000,45.04962160,0
2017-12-31 12:00:00,0.00040080,0.00040300,0.00039600,0.00039790,151104.75000000,1514725199999,60.23400584,1028,54365.72000000,21.69331880,0
2017-12-31 13:00:00,0.00039860,0.00040000,0.00039560,0.00039730,176786.51000000,1514728799999,70.31779138,967,67109.80000000,26.75624413,0
2017-12-31 14:00:00,0.00039730,0.00039940,0.00039160,0.00039370,224790.79000000,1514732399999,88.93300601,1242,82392.48000000,32.59621908,0
2017-12-31 15:00:00,0.00039370,0.00040300,0.00039010,0.00039280,298244.01000000,1514735999999,118.04160042,1436,126670.51000000,50.32611535,0
2017-12-31 16:00:00,0.00039280,0.00039740,0.00038000,0.00038360,393021.35000000,1514739599999,152.02674029,2072,122962.09000000,47.64167071,0
2017-12-31 17:00:00,0.00038360,0.00039690,0.00038030,0.00039420,214943.67000000,1514743199999,83.07085396,1493,126964.64000000,49.10113196,0
2017-12-31 18:00:00,0.00039270,0.00039650,0.00038630,0.00038950,164928.98000000,1514746799999,64.44126273,952,70361.51000000,27.54462203,0
2017-12-31 19:00:00,0.00038930,0.00038940,0.00038000,0.00038120,211531.81000000,1514750399999,81.25009707,1169,62538.03000000,24.09039843,0
2017-12-31 20:00:00,0.00038120,0.00039390,0.00038000,0.00038930,171523.61000000,1514753999999,66.04101211,1193,104202.37000000,40.18724162,0
2017-12-31 21:00:00,0.00039000,0.00039450,0.00038500,0.00039270,162524.23000000,1514757599999,63.44819935,1105,81247.94000000,31.76065758,0
2017-12-31 22:00:00,0.00039290,0.00039430,0.00038900,0.00039100,119284.41000000,1514761199999,46.68425260,711,53532.20000000,20.98039855,0
2017-12-31 23:00:00,0.00039100,0.00039200,0.00038600,0.00038600,212847.00000000,1514764799999,82.89622158,1015,130956.15000000,51.10192872,0
2018-01-01 00:00:00,0.00038600,0.00038970,0.00038440,0.00038500,161334.75000000,1514768399999,62.36736597,933,70301.57000000,27.20195614,0
